907
1 2
1 3
3 4
2 5
4 6
2 7
5 8
4 9
1 10
3 11
8 12
6 13
13 14
12 15
8 16
2 17
17 18
1 19
11 20
3 21
4 22
9 23
15 24
24 25
5 26
14 27
1 28
8 29
21 30
10 31
11 32
30 33
5 34
8 35
34 36
30 37
21 38
36 39
13 40
3 41
13 42
30 43
33 44
24 45
43 46
12 47
40 48
37 49
40 50
9 51
30 52
16 53
27 54
21 55
29 56
56 57
3 58
43 59
59 60
38 61
43 62
48 63
15 64
3 65
54 66
50 67
52 68
12 69
12 70
15 71
21 72
41 73
28 74
73 75
75 76
65 77
15 78
39 79
7 80
41 81
68 82
63 83
12 84
49 85
58 86
50 87
71 88
76 89
9 90
31 91
20 92
83 93
79 94
64 95
60 96
33 97
26 98
27 99
22 100
40 101
69 102
50 103
69 104
68 105
55 106
31 107
45 108
16 109
98 110
87 111
37 112
38 113
65 114
106 115
103 116
61 117
61 118
17 119
84 120
32 121
42 122
22 123
118 124
117 125
2 126
74 127
54 128
66 129
90 130
85 131
129 132
114 133
88 134
95 135
134 136
124 137
42 138
113 139
60 140
124 141
21 142
51 143
125 144
118 145
13 146
124 147
142 148
10 149
27 150
98 151
96 152
35 153
44 154
43 155
2 156
104 157
1 158
35 159
153 160
129 161
21 162
128 163
48 164
31 165
15 166
37 167
150 168
22 169
70 170
109 171
13 172
8 173
61 174
110 175
43 176
173 177
167 178
96 179
44 180
134 181
174 182
139 183
150 184
52 185
162 186
8 187
140 188
31 189
56 190
85 191
166 192
10 193
139 194
20 195
84 196
84 197
115 198
8 199
149 200
5 201
158 202
183 203
124 204
94 205
158 206
121 207
102 208
147 209
81 210
192 211
27 212
134 213
195 214
72 215
6 216
188 217
151 218
165 219
207 220
170 221
16 222
167 223
124 224
159 225
158 226
11 227
66 228
82 229
109 230
41 231
101 232
6 233
87 234
122 235
202 236
217 237
104 238
177 239
194 240
188 241
78 242
174 243
92 244
96 245
171 246
241 247
158 248
30 249
144 250
184 251
72 252
153 253
13 254
55 255
122 256
19 257
239 258
139 259
16 260
207 261
48 262
158 263
45 264
221 265
58 266
52 267
13 268
85 269
10 270
86 271
21 272
111 273
42 274
106 275
188 276
197 277
262 278
138 279
203 280
233 281
281 282
19 283
29 284
248 285
132 286
134 287
58 288
94 289
224 290
31 291
255 292
235 293
289 294
256 295
247 296
223 297
131 298
10 299
43 300
145 301
281 302
141 303
154 304
238 305
196 306
228 307
78 308
213 309
34 310
208 311
5 312
16 313
31 314
178 315
263 316
160 317
212 318
293 319
233 320
235 321
17 322
295 323
268 324
207 325
187 326
276 327
103 328
245 329
67 330
105 331
84 332
71 333
93 334
213 335
303 336
325 337
141 338
246 339
55 340
102 341
308 342
311 343
71 344
7 345
283 346
28 347
246 348
236 349
164 350
291 351
319 352
103 353
295 354
135 355
311 356
254 357
166 358
318 359
345 360
10 361
101 362
100 363
267 364
204 365
146 366
364 367
26 368
122 369
5 370
366 371
366 372
6 373
212 374
332 375
279 376
170 377
12 378
260 379
46 380
263 381
24 382
316 383
191 384
163 385
48 386
253 387
61 388
107 389
110 390
198 391
390 392
320 393
315 394
284 395
244 396
14 397
299 398
33 399
363 400
22 401
292 402
27 403
40 404
182 405
254 406
234 407
79 408
349 409
354 410
285 411
389 412
84 413
298 414
319 415
71 416
180 417
12 418
140 419
314 420
341 421
416 422
312 423
410 424
119 425
95 426
136 427
101 428
352 429
245 430
218 431
218 432
241 433
282 434
202 435
166 436
118 437
367 438
297 439
257 440
426 441
44 442
211 443
127 444
217 445
89 446
308 447
109 448
150 449
408 450
63 451
47 452
269 453
403 454
449 455
364 456
209 457
74 458
77 459
183 460
238 461
176 462
85 463
152 464
229 465
462 466
64 467
76 468
80 469
258 470
456 471
53 472
413 473
448 474
224 475
320 476
20 477
280 478
475 479
399 480
202 481
367 482
224 483
422 484
188 485
60 486
300 487
444 488
64 489
149 490
228 491
146 492
146 493
294 494
467 495
453 496
126 497
352 498
30 499
288 500
275 501
257 502
484 503
307 504
85 505
88 506
72 507
200 508
104 509
254 510
434 511
149 512
370 513
379 514
310 515
465 516
246 517
65 518
143 519
309 520
122 521
71 522
339 523
276 524
324 525
525 526
338 527
202 528
401 529
340 530
139 531
351 532
475 533
316 534
293 535
187 536
503 537
24 538
288 539
413 540
397 541
96 542
245 543
518 544
286 545
460 546
77 547
166 548
75 549
388 550
514 551
352 552
454 553
450 554
523 555
98 556
486 557
545 558
229 559
362 560
130 561
20 562
351 563
539 564
286 565
115 566
352 567
508 568
452 569
30 570
25 571
131 572
357 573
320 574
441 575
314 576
381 577
500 578
540 579
200 580
73 581
1 582
357 583
277 584
455 585
456 586
350 587
11 588
525 589
573 590
108 591
376 592
418 593
271 594
127 595
578 596
419 597
46 598
316 599
139 600
537 601
97 602
96 603
286 604
495 605
574 606
213 607
377 608
589 609
503 610
447 611
410 612
563 613
586 614
40 615
226 616
428 617
393 618
170 619
83 620
406 621
391 622
296 623
437 624
103 625
90 626
229 627
447 628
429 629
72 630
594 631
97 632
7 633
278 634
105 635
29 636
514 637
443 638
449 639
44 640
405 641
274 642
86 643
1 644
351 645
643 646
618 647
537 648
143 649
624 650
578 651
507 652
471 653
523 654
487 655
120 656
600 657
470 658
194 659
324 660
285 661
44 662
404 663
178 664
600 665
180 666
419 667
576 668
204 669
326 670
92 671
244 672
56 673
217 674
114 675
500 676
124 677
569 678
405 679
55 680
23 681
300 682
209 683
498 684
88 685
69 686
139 687
111 688
589 689
601 690
616 691
682 692
665 693
131 694
264 695
598 696
106 697
234 698
325 699
229 700
620 701
247 702
49 703
126 704
433 705
683 706
408 707
363 708
4 709
123 710
250 711
384 712
189 713
14 714
166 715
445 716
570 717
5 718
210 719
285 720
254 721
68 722
704 723
388 724
526 725
614 726
382 727
581 728
635 729
675 730
654 731
12 732
617 733
73 734
465 735
408 736
563 737
112 738
164 739
232 740
356 741
217 742
98 743
261 744
518 745
232 746
410 747
312 748
319 749
749 750
276 751
565 752
577 753
733 754
275 755
318 756
182 757
132 758
685 759
206 760
618 761
670 762
292 763
382 764
122 765
574 766
109 767
332 768
382 769
50 770
598 771
84 772
307 773
424 774
116 775
425 776
378 777
683 778
557 779
688 780
608 781
399 782
648 783
773 784
763 785
775 786
705 787
762 788
587 789
399 790
312 791
507 792
467 793
764 794
27 795
550 796
28 797
142 798
710 799
140 800
786 801
617 802
472 803
59 804
718 805
516 806
789 807
508 808
272 809
257 810
757 811
4 812
546 813
84 814
505 815
581 816
202 817
111 818
216 819
247 820
658 821
718 822
448 823
503 824
183 825
172 826
635 827
810 828
146 829
781 830
440 831
333 832
502 833
118 834
423 835
201 836
1 837
521 838
368 839
532 840
250 841
659 842
362 843
48 844
201 845
53 846
568 847
733 848
686 849
840 850
108 851
490 852
74 853
40 854
287 855
90 856
723 857
557 858
70 859
223 860
60 861
765 862
408 863
405 864
574 865
176 866
791 867
405 868
340 869
392 870
130 871
499 872
709 873
655 874
631 875
92 876
399 877
171 878
31 879
334 880
177 881
16 882
872 883
296 884
9 885
474 886
403 887
445 888
296 889
865 890
451 891
244 892
610 893
289 894
6 895
386 896
38 897
874 898
525 899
253 900
318 901
590 902
492 903
705 904
283 905
580 906
329 907
8994 5273 3476 3465 1895 5954 3161 3343 1789 5104 4912 74 521 2986 5450 6307 3237 6251 3362 122 7601 5809 5358 7231 937 2875 3343 9842 2173 9787 9003 7592 6018 2270 8909 7951 4209 9604 4607 5903 9141 3137 7755 4583 5846 8525 5170 2784 3540 2667 6744 495 4893 3370 3049 4523 7936 2821 3695 3888 2821 6649 6812 9648 4465 1433 932 6927 1402 3137 7216 5702 9507 6885 8055 3073 642 9665 6343 3801 1529 8560 6859 1619 9036 574 355 7382 6232 9363 5052 4939 7986 6839 5137 4280 3459 9208 7641 886 845 8980 5570 3929 873 4818 7819 7198 2740 3125 2318 9835 2555 7143 3727 1468 4981 401 9441 7282 8561 5104 8429 3734 9954 9311 3566 8397 3419 6771 9804 4120 1448 6963 6694 6076 8591 3796 4935 1348 4284 6820 6746 542 3816 8197 4289 8983 7534 2065 620 8953 6047 2715 8650 764 6264 2230 3357 8501 8014 2711 2597 9472 218 1611 9303 8485 7570 7494 8630 2994 5431 7550 707 2470 293 7826 4287 7812 3846 6393 4951 1415 3753 7277 8737 6752 9870 3615 1168 7204 7905 3211 6654 1659 9697 3539 4757 1985 1518 6807 9225 3574 3514 2981 1198 3656 6613 9310 2567 2352 4300 2371 5622 9191 3764 320 857 7966 5740 6233 6 2216 8317 3039 2895 4460 2931 3468 9574 6605 7026 3189 53 4456 5823 2376 7144 8716 9232 4755 2172 2833 6418 1753 2774 5838 5372 3373 8224 1839 9043 7292 5727 6297 7181 7141 4106 163 6187 6107 5608 6627 9508 3585 4536 5592 226 6986 5431 1874 7513 7513 2425 4588 1605 5732 1810 7144 1362 8542 386 440 8361 8328 5533 3494 9663 9817 1120 9658 5296 9481 9418 9451 4561 1369 3626 3986 1775 5037 6136 2028 2114 6981 3404 325 6746 5819 7194 1200 2519 960 2303 9899 6976 9855 2051 6318 7530 3821 1185 5001 2423 8230 4616 9735 1086 4061 6753 9682 9084 689 6825 4039 5932 7700 2298 1844 7735 4494 1294 1186 8864 8295 1680 5353 7719 6921 566 4621 2868 8859 4902 3890 5952 1551 9210 1731 9422 3801 4593 7809 2731 5768 750 5765 3293 2421 8553 343 8856 6349 2105 2616 8879 6162 1438 2231 5050 8934 3916 3808 7585 4828 2126 9123 1448 9288 6161 8101 7852 9633 7038 3453 4050 1949 7976 8220 7196 1323 197 1496 1896 5559 1097 2958 7412 4968 3889 277 4258 4319 3360 9904 8853 1915 8594 1671 7926 1743 4428 1147 6708 5591 9725 3587 1192 9656 6076 3643 4168 1004 9476 902 3013 3481 8539 8267 6736 7125 2943 4598 2851 6574 3624 2370 349 6094 1793 2993 1556 781 8926 7541 8311 2751 7733 422 1795 4487 9550 2452 9168 3695 1446 4586 3637 9919 2997 104 2164 9416 4008 5842 3319 646 7610 676 5966 6293 4862 5982 1817 7975 9229 3942 1375 7056 2845 6376 7425 6787 2737 3049 9419 3001 9759 7552 5376 4848 8048 9941 3471 6394 7248 4104 4434 4441 7181 3305 2487 223 4187 5347 4122 2249 5894 4720 5527 701 1241 6311 570 6073 7460 1496 379 8442 563 1096 517 2079 5031 447 2804 7262 5641 6865 2772 4931 3664 3431 9914 8355 6350 4192 7857 5765 7813 8193 4619 6459 4684 4804 1573 9462 5297 8220 2136 3637 2446 4042 6797 1205 6664 5073 503 5764 4798 8136 8032 1861 7458 6327 5070 1921 5842 7145 6164 4101 6817 4628 6167 4050 7060 573 4336 9920 860 8730 5919 1318 6502 5587 5556 5473 9599 583 7872 1559 4046 3959 1060 6999 8515 3398 5879 5305 6976 9869 1597 6958 8855 61 1715 2243 1700 1321 77 5505 4018 5544 4028 7615 5766 8048 6045 9097 4507 6489 9697 8457 8878 7852 8014 8332 724 9143 6159 1656 4228 8753 6686 7814 75 993 7027 4982 5197 5036 1989 1703 3856 9778 2447 6747 119 2171 1211 507 3348 7914 963 3052 2574 5808 9411 9343 6414 1844 2323 9486 8866 9335 5334 3648 3751 9165 2302 8556 757 2808 9736 3292 3912 9777 8927 9606 6365 1796 8309 5668 9897 4725 8372 6244 3678 7651 6299 3218 8599 8383 9122 9655 8231 5405 1311 4028 2926 4946 9426 1925 6051 8510 2541 684 8285 8427 4968 3665 3686 534 6199 7180 2696 7029 5759 584 6116 187 3920 8545 7618 2315 9463 361 7085 3161 8196 2313 4311 4247 8857 5910 8466 5094 1481 4329 1182 7023 3138 8598 5628 2542 609 4863 951 9832 938 8929 476 5644 6851 1061 3052 1144 7996 1751 9187 3656 6486 5167 3877 8358 6160 7383 7918 118 130 5675 8354 4581 5666 1324 2898 4568 3732 4612 9171 7162 1898 7143 5163 6014 8364 2715 7325 5415 4349 2219 444 6841 272 8454 5988 1505 5708 3825 9727 5879 2576 2930 4973 5712 8245 2367 2249 6606 7506 3438 2779 6076 1119 3452 8896 4219 6946 9177 3199 3124 5224 7850 2147 5066 5681 1407 8996 7811 347 9952 2731 5799 4561 481 5967 5103 3469 2279 1482 2357 1727 2465 5368 7361 1341 3165 2742 1301 7752 3540 9986 2179 9807 8034 768 6718 783 5089 7231 7365 5832 7564 4119 6376 7647 4111 6578 6754 9478 2115 2005 2774 1022 2118 2413 8803 756 1123 8177 876 3910 5701 5461 1089 6782 4907 8896 8332 4894 8279 2888 701 8899 9862 1427
