885
1 2
2 3
2 4
2 5
3 6
2 7
7 8
5 9
6 10
6 11
7 12
5 13
13 14
2 15
6 16
4 17
12 18
8 19
13 20
14 21
16 22
20 23
22 24
17 25
9 26
18 27
14 28
16 29
29 30
23 31
18 32
31 33
13 34
30 35
33 36
11 37
20 38
34 39
8 40
31 41
30 42
17 43
27 44
22 45
24 46
36 47
33 48
14 49
29 50
26 51
35 52
36 53
12 54
21 55
15 56
1 57
4 58
17 59
18 60
3 61
1 62
30 63
43 64
26 65
54 66
2 67
28 68
56 69
24 70
49 71
43 72
30 73
26 74
63 75
13 76
50 77
45 78
25 79
68 80
32 81
22 82
26 83
53 84
63 85
24 86
41 87
1 88
36 89
31 90
86 91
71 92
57 93
23 94
23 95
10 96
73 97
15 98
6 99
58 100
36 101
71 102
64 103
5 104
92 105
69 106
14 107
36 108
92 109
15 110
83 111
21 112
20 113
92 114
12 115
76 116
85 117
81 118
75 119
40 120
85 121
76 122
69 123
15 124
34 125
105 126
95 127
31 128
57 129
19 130
3 131
3 132
49 133
115 134
90 135
99 136
47 137
46 138
116 139
64 140
61 141
36 142
30 143
58 144
105 145
20 146
3 147
5 148
99 149
47 150
69 151
35 152
47 153
77 154
107 155
9 156
64 157
52 158
33 159
107 160
39 161
108 162
152 163
68 164
148 165
87 166
166 167
96 168
38 169
46 170
74 171
127 172
135 173
149 174
42 175
117 176
49 177
102 178
88 179
7 180
14 181
11 182
128 183
25 184
82 185
166 186
93 187
36 188
64 189
107 190
34 191
128 192
70 193
101 194
177 195
177 196
50 197
160 198
12 199
29 200
1 201
126 202
71 203
174 204
104 205
90 206
23 207
184 208
178 209
199 210
116 211
50 212
115 213
213 214
204 215
140 216
172 217
68 218
88 219
38 220
168 221
221 222
157 223
173 224
169 225
81 226
53 227
102 228
218 229
19 230
214 231
139 232
30 233
166 234
34 235
143 236
141 237
208 238
166 239
117 240
230 241
225 242
107 243
137 244
88 245
164 246
84 247
136 248
100 249
245 250
198 251
21 252
242 253
87 254
129 255
28 256
144 257
242 258
95 259
216 260
33 261
126 262
247 263
244 264
165 265
70 266
151 267
102 268
180 269
136 270
208 271
67 272
136 273
238 274
226 275
53 276
102 277
175 278
22 279
61 280
226 281
176 282
155 283
177 284
253 285
198 286
225 287
225 288
34 289
60 290
122 291
28 292
175 293
255 294
11 295
47 296
154 297
198 298
68 299
215 300
78 301
275 302
142 303
72 304
104 305
176 306
289 307
138 308
15 309
72 310
305 311
114 312
119 313
70 314
269 315
77 316
36 317
44 318
138 319
43 320
68 321
268 322
56 323
71 324
45 325
69 326
13 327
299 328
285 329
67 330
159 331
92 332
227 333
50 334
244 335
266 336
11 337
223 338
258 339
142 340
60 341
70 342
140 343
205 344
6 345
203 346
215 347
47 348
112 349
178 350
273 351
245 352
53 353
338 354
47 355
282 356
155 357
14 358
70 359
172 360
261 361
347 362
201 363
178 364
308 365
122 366
259 367
254 368
328 369
13 370
25 371
292 372
354 373
328 374
136 375
129 376
300 377
112 378
280 379
243 380
245 381
248 382
302 383
167 384
213 385
18 386
87 387
314 388
217 389
235 390
325 391
310 392
17 393
144 394
311 395
101 396
392 397
55 398
398 399
177 400
60 401
7 402
396 403
338 404
303 405
279 406
148 407
99 408
407 409
169 410
247 411
326 412
330 413
389 414
208 415
254 416
166 417
150 418
340 419
140 420
297 421
420 422
416 423
246 424
293 425
24 426
416 427
267 428
33 429
338 430
259 431
25 432
298 433
279 434
201 435
64 436
415 437
298 438
379 439
157 440
220 441
430 442
388 443
203 444
412 445
14 446
206 447
297 448
352 449
396 450
83 451
358 452
354 453
76 454
82 455
283 456
176 457
257 458
447 459
419 460
117 461
426 462
158 463
425 464
312 465
257 466
87 467
172 468
169 469
335 470
452 471
58 472
285 473
378 474
368 475
300 476
265 477
408 478
461 479
411 480
347 481
8 482
263 483
161 484
81 485
441 486
241 487
320 488
121 489
27 490
389 491
66 492
357 493
449 494
242 495
447 496
1 497
19 498
177 499
80 500
389 501
217 502
398 503
23 504
127 505
233 506
86 507
61 508
336 509
204 510
352 511
220 512
49 513
424 514
225 515
166 516
323 517
449 518
400 519
313 520
87 521
132 522
122 523
475 524
512 525
447 526
24 527
351 528
378 529
276 530
456 531
208 532
362 533
415 534
149 535
62 536
255 537
437 538
386 539
306 540
86 541
140 542
63 543
157 544
265 545
6 546
228 547
231 548
291 549
76 550
315 551
342 552
420 553
451 554
200 555
162 556
412 557
108 558
304 559
234 560
541 561
424 562
234 563
203 564
97 565
523 566
177 567
532 568
471 569
512 570
336 571
319 572
389 573
483 574
73 575
279 576
360 577
11 578
397 579
111 580
441 581
9 582
117 583
499 584
569 585
353 586
316 587
350 588
320 589
511 590
572 591
166 592
513 593
35 594
236 595
238 596
124 597
405 598
257 599
91 600
577 601
347 602
526 603
429 604
145 605
8 606
154 607
185 608
198 609
491 610
64 611
13 612
421 613
125 614
33 615
560 616
485 617
385 618
431 619
373 620
506 621
245 622
566 623
292 624
532 625
19 626
4 627
498 628
159 629
278 630
39 631
101 632
430 633
336 634
189 635
559 636
376 637
583 638
261 639
453 640
610 641
226 642
96 643
117 644
531 645
52 646
409 647
568 648
102 649
385 650
123 651
493 652
604 653
584 654
359 655
476 656
135 657
571 658
376 659
222 660
400 661
12 662
438 663
125 664
354 665
586 666
224 667
363 668
128 669
183 670
251 671
23 672
222 673
424 674
549 675
527 676
522 677
393 678
234 679
230 680
208 681
256 682
255 683
82 684
259 685
418 686
257 687
42 688
188 689
201 690
82 691
599 692
428 693
382 694
161 695
282 696
540 697
538 698
276 699
675 700
560 701
658 702
411 703
317 704
540 705
614 706
524 707
444 708
39 709
345 710
637 711
170 712
475 713
216 714
522 715
680 716
3 717
479 718
597 719
17 720
652 721
194 722
646 723
187 724
129 725
308 726
644 727
262 728
534 729
622 730
393 731
708 732
54 733
103 734
704 735
613 736
130 737
498 738
99 739
627 740
419 741
390 742
642 743
528 744
544 745
9 746
172 747
564 748
157 749
165 750
459 751
345 752
185 753
323 754
262 755
53 756
609 757
88 758
723 759
580 760
410 761
538 762
619 763
393 764
596 765
272 766
475 767
437 768
270 769
68 770
91 771
387 772
258 773
129 774
83 775
730 776
619 777
425 778
427 779
747 780
356 781
624 782
782 783
504 784
34 785
722 786
612 787
507 788
41 789
404 790
452 791
337 792
259 793
293 794
85 795
692 796
303 797
796 798
729 799
280 800
377 801
522 802
125 803
556 804
802 805
335 806
269 807
534 808
161 809
753 810
461 811
8 812
60 813
643 814
426 815
675 816
106 817
278 818
206 819
188 820
155 821
618 822
224 823
692 824
272 825
249 826
748 827
249 828
346 829
818 830
280 831
394 832
210 833
580 834
296 835
303 836
835 837
307 838
409 839
143 840
583 841
70 842
393 843
745 844
308 845
158 846
101 847
44 848
322 849
333 850
382 851
705 852
272 853
384 854
392 855
278 856
52 857
801 858
391 859
142 860
267 861
521 862
294 863
677 864
567 865
279 866
840 867
57 868
381 869
134 870
500 871
838 872
841 873
85 874
35 875
200 876
852 877
273 878
699 879
365 880
568 881
202 882
370 883
780 884
785 885
7051 691 5420 2871 2237 7966 5683 621 4057 2902 9299 8822 6465 4641 9620 3896 418 1933 3376 9731 1791 8521 3194 1082 1486 5366 5216 6220 6568 2933 6761 1462 433 8421 9333 3326 2554 328 3517 8992 2758 290 2265 8023 5404 1339 5772 2980 7505 8250 7028 2787 8979 8279 7068 4156 8383 9226 8719 554 505 3623 2756 1048 4924 9115 6215 3930 7631 9771 8596 3748 5918 891 2641 9889 3363 2108 6416 4441 9038 650 5521 5197 5180 6185 2610 631 7503 7361 6321 9265 6512 957 124 697 5027 5455 3064 4529 2057 1462 4776 7765 6669 1869 7420 1028 7494 8302 2052 4136 3691 9508 7918 3488 4593 7958 9561 7489 9835 7745 567 7326 8571 6002 2831 1774 8833 1767 816 5540 5836 1 1733 2788 2254 5718 3599 4643 5626 2911 2578 4137 3679 9425 1667 8944 9121 4382 5752 8417 5198 8713 189 8804 3789 243 3807 5280 5361 9970 3109 7392 459 880 5209 9607 4903 1090 4949 7438 6994 4700 8317 8516 1765 6824 1486 9310 2405 9282 1923 9408 7076 9954 8897 7516 1767 5042 5720 4932 976 197 8677 7007 2421 8721 8362 1426 9890 9655 8439 1654 8412 6518 9239 8496 9034 1244 2035 2400 9232 6645 6026 7731 1332 6461 9305 9340 7971 5951 501 9722 1180 6436 1340 3954 890 9878 209 6433 3906 9671 667 7772 2359 8205 5202 76 5023 1387 1577 2935 2753 6505 6908 5573 4225 8665 267 7905 3212 9144 9103 971 6246 2578 1666 3756 7142 1369 4255 4038 8859 9581 6321 5636 2646 7553 7363 312 9995 5494 7939 953 8900 1567 5602 3279 8485 5807 3900 337 1231 924 2940 6944 7831 4690 6392 1433 1995 3498 8404 8451 6787 6574 7721 8206 8289 6808 1041 5365 7854 2702 7105 4643 8841 7902 3611 7803 8065 3245 1873 3314 3569 6666 4328 6089 9975 7455 3697 4552 5620 4828 9661 8637 3061 8360 8163 2228 47 8018 4164 9402 8875 6822 7607 3471 8295 7094 8718 2909 1138 319 9678 8237 7404 8820 5975 1186 2343 2070 9549 2474 1593 6318 2285 5331 5612 3654 2599 9869 6650 6680 5254 1380 4635 7523 9379 5486 9877 2157 2879 6657 947 8453 4894 9155 2929 7856 7012 6760 9528 7679 4354 3816 6423 4393 541 4090 4189 7350 6683 6108 6786 4764 6075 9376 4025 7347 671 6165 753 5470 1842 8178 8260 5360 1114 3372 9978 4014 1145 7365 2287 7059 5214 5507 5460 1553 2697 9031 2455 6942 2047 1232 7728 7878 7333 5286 97 6401 1364 3814 7030 3574 63 9247 2690 4601 3849 7321 5049 538 3531 1059 9904 5120 4246 8988 4730 8199 6343 6145 2032 513 9619 7703 5039 4263 3702 7706 6498 4720 4255 9137 8213 8794 3708 1971 3960 9619 1387 6824 2988 7547 5980 6415 9664 9149 6488 4203 2326 8580 7265 5679 8467 1018 2622 7463 4492 4605 3407 3888 7255 3506 4323 1690 3776 2108 3938 2227 6631 9968 1614 9790 6748 4512 8406 8561 8610 1266 4442 2057 9771 4547 7887 8663 4981 7302 8962 1745 8084 7804 6551 4496 7441 7415 1187 3675 3403 9344 8943 5348 3762 1672 1385 5100 7343 2192 6129 9225 6666 6508 4010 6897 6306 7858 6840 7380 1078 5500 6407 6927 7482 5672 1798 8744 585 4577 3033 6174 3943 9398 7437 8819 8530 4944 3909 8087 4238 1574 1271 6575 5882 1667 4360 4627 2065 4189 4734 6716 9537 4982 8026 744 9829 9004 2618 9825 4014 5440 4828 9241 3850 4562 5943 5967 5249 3908 571 7707 9564 6108 7156 9297 6201 1394 6894 9202 1363 9375 4852 8801 7893 6423 6680 335 1294 7617 1372 4780 5082 5604 6558 9366 6020 822 3054 7544 3752 8425 6099 561 1048 6442 3013 5310 3897 6065 1291 2319 7092 4502 8206 604 5065 7166 7456 1788 7929 8631 6114 2331 1759 9381 9649 2900 3492 5724 4527 5974 2998 2248 3356 4119 8094 6242 9916 9571 3176 6657 9728 8563 8101 2610 2580 1683 3289 8819 6025 5085 1737 4167 240 8587 2866 5963 7038 7069 9929 5722 2561 8631 5650 5803 1449 550 4704 9984 2660 8185 5107 7719 6047 4191 622 8906 3437 9611 1817 7072 6435 8364 5959 8199 1818 2745 4213 9374 4181 869 4320 7747 4239 872 1725 373 120 6694 3974 1889 1044 9315 242 1235 7527 6557 7447 6929 9168 9132 8224 819 7049 5889 160 9781 7027 483 3944 2505 7865 3184 2914 5281 3087 2283 1521 2672 2413 3898 7283 8632 4137 5409 717 5737 3740 7001 317 4088 3815 4429 3645 6905 7786 5579 5205 47 5451 6401 7689 124 5480 4177 9024 9810 8836 6866 2041 6652 2884 9795 9770 8759 626 1848 2742 9431 1449 6932 7850 6589 8733 7959 3981 9728 4487 4768 2047 7686 8405 3514 1721 9502 8726 1083 688 7349 2342 7671 8745 8404 9511 5371 2444 6686 1820 7996 4342 7426 9213 2665 6061 3919 8698 3709 3918 6076 6940 3245 5039 8261 3111 68 4388 7304 2772 8649 5296 3182 3138 7480 1104 1719 2645 7258 9090 5277 8265 3705 7489 9976 4176 3390 1472 44 7791 112 6900 5655 7865 1016 8569 477 8926 1118 6225 801 208 1793 2812
