896
1 2
2 3
2 4
1 5
1 6
6 7
5 8
2 9
4 10
4 11
5 12
9 13
1 14
1 15
10 16
15 17
5 18
14 19
3 20
19 21
19 22
3 23
4 24
14 25
23 26
11 27
11 28
12 29
14 30
6 31
1 32
3 33
16 34
21 35
22 36
36 37
18 38
26 39
34 40
1 41
9 42
25 43
3 44
30 45
23 46
23 47
35 48
42 49
19 50
35 51
13 52
29 53
31 54
38 55
28 56
29 57
1 58
17 59
51 60
48 61
52 62
9 63
31 64
4 65
14 66
55 67
59 68
11 69
31 70
23 71
1 72
17 73
65 74
9 75
71 76
29 77
3 78
75 79
22 80
76 81
29 82
9 83
36 84
8 85
73 86
47 87
25 88
67 89
42 90
82 91
73 92
82 93
3 94
16 95
26 96
58 97
46 98
14 99
63 100
16 101
13 102
31 103
75 104
88 105
42 106
59 107
40 108
96 109
62 110
90 111
39 112
80 113
37 114
31 115
6 116
57 117
70 118
92 119
45 120
10 121
22 122
59 123
16 124
12 125
85 126
8 127
57 128
42 129
33 130
101 131
90 132
93 133
18 134
68 135
89 136
24 137
128 138
96 139
30 140
123 141
65 142
55 143
2 144
50 145
135 146
96 147
136 148
36 149
76 150
45 151
24 152
7 153
33 154
137 155
111 156
140 157
114 158
34 159
156 160
9 161
101 162
1 163
142 164
146 165
101 166
11 167
122 168
126 169
73 170
4 171
153 172
126 173
29 174
144 175
47 176
49 177
90 178
52 179
42 180
113 181
29 182
21 183
52 184
72 185
20 186
46 187
128 188
24 189
83 190
66 191
91 192
27 193
15 194
60 195
118 196
166 197
108 198
116 199
95 200
200 201
44 202
116 203
7 204
36 205
181 206
40 207
74 208
17 209
187 210
124 211
57 212
42 213
189 214
75 215
78 216
94 217
160 218
167 219
84 220
1 221
137 222
47 223
35 224
164 225
5 226
208 227
82 228
99 229
58 230
103 231
68 232
142 233
216 234
66 235
191 236
194 237
124 238
46 239
136 240
65 241
35 242
235 243
158 244
143 245
75 246
124 247
50 248
29 249
46 250
225 251
41 252
238 253
82 254
185 255
43 256
135 257
231 258
119 259
77 260
38 261
23 262
143 263
74 264
7 265
206 266
212 267
221 268
159 269
132 270
97 271
77 272
4 273
241 274
208 275
191 276
172 277
112 278
8 279
65 280
3 281
200 282
189 283
37 284
184 285
26 286
52 287
87 288
142 289
212 290
169 291
95 292
49 293
15 294
6 295
231 296
15 297
135 298
13 299
222 300
113 301
90 302
24 303
174 304
236 305
140 306
229 307
232 308
51 309
149 310
95 311
75 312
182 313
12 314
19 315
41 316
53 317
281 318
300 319
119 320
82 321
265 322
282 323
185 324
18 325
73 326
240 327
63 328
306 329
125 330
115 331
264 332
76 333
236 334
144 335
71 336
170 337
309 338
235 339
154 340
134 341
167 342
92 343
295 344
149 345
50 346
52 347
126 348
23 349
84 350
158 351
54 352
296 353
336 354
2 355
91 356
294 357
259 358
19 359
347 360
202 361
205 362
72 363
155 364
172 365
119 366
274 367
328 368
254 369
113 370
72 371
126 372
188 373
326 374
104 375
72 376
41 377
326 378
121 379
135 380
311 381
125 382
363 383
256 384
300 385
28 386
81 387
201 388
100 389
45 390
172 391
176 392
185 393
387 394
330 395
372 396
226 397
135 398
210 399
177 400
161 401
265 402
180 403
137 404
25 405
15 406
338 407
387 408
321 409
23 410
235 411
68 412
296 413
278 414
36 415
263 416
405 417
160 418
224 419
280 420
157 421
234 422
382 423
329 424
376 425
76 426
344 427
245 428
117 429
178 430
267 431
400 432
358 433
116 434
426 435
131 436
418 437
323 438
119 439
311 440
416 441
269 442
174 443
9 444
271 445
39 446
227 447
69 448
284 449
131 450
232 451
387 452
311 453
418 454
82 455
184 456
371 457
437 458
311 459
40 460
108 461
446 462
55 463
81 464
395 465
420 466
71 467
391 468
57 469
220 470
115 471
164 472
404 473
258 474
240 475
146 476
345 477
400 478
13 479
229 480
466 481
397 482
172 483
8 484
2 485
366 486
387 487
375 488
164 489
322 490
233 491
156 492
261 493
51 494
161 495
430 496
15 497
105 498
64 499
282 500
119 501
471 502
433 503
487 504
84 505
127 506
198 507
115 508
122 509
349 510
47 511
299 512
233 513
148 514
35 515
342 516
428 517
334 518
201 519
99 520
507 521
373 522
482 523
185 524
71 525
214 526
514 527
69 528
306 529
442 530
130 531
143 532
408 533
225 534
106 535
25 536
380 537
33 538
13 539
392 540
474 541
221 542
156 543
448 544
370 545
388 546
51 547
286 548
119 549
245 550
209 551
465 552
306 553
130 554
350 555
255 556
423 557
524 558
217 559
552 560
280 561
433 562
51 563
256 564
242 565
486 566
339 567
486 568
257 569
35 570
1 571
348 572
328 573
10 574
15 575
510 576
110 577
565 578
334 579
44 580
306 581
529 582
47 583
577 584
335 585
424 586
88 587
152 588
43 589
105 590
557 591
213 592
309 593
231 594
116 595
498 596
449 597
277 598
580 599
261 600
2 601
371 602
350 603
368 604
62 605
233 606
471 607
66 608
67 609
268 610
581 611
140 612
193 613
517 614
102 615
596 616
206 617
185 618
556 619
245 620
134 621
569 622
149 623
66 624
278 625
437 626
389 627
101 628
516 629
230 630
41 631
330 632
192 633
425 634
151 635
554 636
432 637
461 638
27 639
299 640
171 641
558 642
268 643
284 644
545 645
391 646
463 647
404 648
174 649
205 650
421 651
165 652
494 653
364 654
375 655
441 656
312 657
368 658
443 659
171 660
183 661
117 662
92 663
549 664
427 665
345 666
410 667
436 668
113 669
626 670
148 671
164 672
560 673
313 674
330 675
621 676
262 677
313 678
138 679
184 680
278 681
158 682
552 683
13 684
314 685
127 686
292 687
298 688
8 689
595 690
218 691
104 692
112 693
429 694
89 695
329 696
414 697
257 698
331 699
347 700
696 701
575 702
160 703
156 704
123 705
518 706
610 707
635 708
349 709
517 710
166 711
278 712
277 713
523 714
272 715
255 716
580 717
411 718
239 719
289 720
380 721
401 722
222 723
679 724
150 725
166 726
359 727
159 728
600 729
205 730
63 731
401 732
311 733
620 734
724 735
542 736
51 737
606 738
692 739
398 740
421 741
510 742
310 743
85 744
75 745
235 746
217 747
480 748
361 749
713 750
646 751
460 752
90 753
13 754
404 755
658 756
619 757
104 758
268 759
42 760
37 761
227 762
679 763
482 764
609 765
699 766
343 767
523 768
266 769
261 770
456 771
607 772
156 773
375 774
109 775
699 776
305 777
496 778
110 779
771 780
285 781
156 782
77 783
399 784
651 785
167 786
511 787
383 788
410 789
789 790
296 791
315 792
111 793
512 794
755 795
448 796
638 797
409 798
436 799
370 800
567 801
336 802
650 803
595 804
529 805
278 806
413 807
585 808
641 809
467 810
538 811
706 812
279 813
181 814
650 815
777 816
243 817
352 818
604 819
99 820
501 821
161 822
326 823
204 824
764 825
326 826
515 827
63 828
665 829
455 830
160 831
172 832
320 833
446 834
816 835
654 836
783 837
243 838
637 839
595 840
137 841
593 842
279 843
469 844
472 845
592 846
189 847
275 848
450 849
9 850
175 851
619 852
444 853
202 854
102 855
100 856
605 857
490 858
452 859
641 860
31 861
168 862
839 863
37 864
425 865
506 866
707 867
856 868
796 869
821 870
158 871
394 872
64 873
679 874
479 875
712 876
106 877
786 878
582 879
56 880
304 881
612 882
873 883
333 884
382 885
761 886
79 887
188 888
697 889
152 890
175 891
436 892
274 893
297 894
764 895
672 896
8273 1050 1513 6852 8404 8688 4657 7196 6426 1243 7672 6214 6429 5618 6743 3336 3424 7017 3781 2650 4723 4824 8205 1414 3951 8975 6344 4994 5977 9057 7427 663 747 5706 6720 9888 4500 1308 7675 3885 6202 1010 301 7414 7537 3184 9910 1960 5907 6217 9044 2774 1791 7410 7056 9913 1437 9234 1863 9842 4188 3088 9529 5710 4365 3978 4720 5750 320 1520 6782 1682 769 8561 7149 7779 1532 764 866 8212 5562 540 3155 9695 729 3107 8821 4692 6670 5115 1807 2276 6908 2263 6306 6157 2445 5356 2884 7012 5943 9926 2462 5240 2035 8223 6704 8314 1231 9505 6253 5979 8388 3666 7034 2520 3588 3617 9681 9681 5836 8242 5279 2509 8502 6122 4256 8139 6817 1133 6388 4123 5000 3643 6277 5294 2073 337 3540 3022 1754 9675 5970 5422 3042 6659 7249 460 5576 9691 5361 5108 9907 1966 2961 2813 921 6652 2606 5587 5413 8372 7650 2010 9776 3494 1961 1581 8188 7506 2579 4935 3103 6192 8547 8860 2735 4808 4391 9270 641 5369 9888 4572 3776 2661 980 9514 7417 2443 9726 3997 190 5165 74 2837 381 4596 2715 4163 6892 3473 9080 4823 7870 123 5191 8524 724 6934 9651 9110 6911 2773 132 153 4421 8054 9238 2688 9807 4086 3764 3692 4046 5063 8029 7562 3714 1819 7535 1299 5073 1525 5906 7732 9970 7649 2271 7224 9196 3745 9006 2007 6846 4049 4183 7889 976 4630 2500 1679 844 4912 1634 421 9089 757 6697 9554 6850 9275 7635 3611 886 8993 4325 7588 393 1837 6324 9590 8566 969 9747 5718 6252 1407 2316 6675 7123 9323 7730 5694 1911 764 5258 3003 4694 1864 9592 4555 3408 6285 6409 9718 6650 7093 2811 2528 5327 1396 7658 4350 1159 1995 130 9291 6016 4582 8948 4212 9675 5507 7904 36 1416 8306 4332 8081 6387 217 2360 2835 7273 1412 5600 8783 1638 1420 9522 3182 6753 4334 9983 6813 4849 7065 8861 7159 1927 5416 7749 4162 1248 5240 6221 8475 1423 6999 1311 5279 7559 5090 9500 1671 7233 8374 9897 3119 4284 9126 1207 3801 2812 4841 8444 6673 3005 3906 3558 5908 8036 2624 6217 1498 8417 2118 1773 7983 106 3417 3705 7917 9815 1372 6093 3048 6275 3521 7447 2084 9345 2797 1484 6194 1948 7235 6768 7667 3355 6955 2519 8300 3619 4422 9242 3067 6356 9735 9120 569 9742 2 9203 6543 939 9786 3432 9411 4258 102 139 9345 3114 6578 2648 6121 7890 9055 5301 9304 8878 6874 4349 9760 6403 6254 871 4541 7866 9947 17 8511 8128 4153 1990 9057 8026 1029 5074 9203 5834 5141 5063 5973 7846 6588 2270 2624 5869 9105 9092 2029 4574 914 8131 7106 7209 9248 9671 164 8371 787 9127 4651 2063 897 6793 6035 2445 7636 2464 4988 4688 6379 7682 5720 238 8584 7748 2061 1475 3133 6430 4661 6039 8121 4922 7587 9570 6366 8034 8706 1390 2652 356 5390 4127 710 9258 2659 7497 4334 3943 9014 9177 5669 2871 2773 911 3788 9631 3230 1305 3338 6621 432 8632 4726 2734 9460 4225 9725 1110 9285 6081 382 2502 3362 4826 7958 1646 4456 3417 6984 7250 441 329 9714 3995 7813 4394 6816 920 2835 2403 9085 7012 9415 9694 7206 7607 2011 1341 4559 6659 3174 8658 6260 1879 6507 9480 2908 7340 2010 9712 5922 9116 2033 4674 4155 1438 7389 5172 7390 3957 9345 6724 5058 9220 3304 2709 9019 388 4108 8097 6026 8000 3555 5564 1852 7468 1610 3925 3439 1415 8007 6210 4067 6539 1630 3700 2545 3916 9014 6866 5870 347 9435 9405 8271 326 7977 6871 5060 2899 8525 8008 9088 8258 1216 5585 7220 5094 9353 3784 3370 1057 8252 3669 1320 3474 4868 6077 2763 8572 4080 7528 1715 2992 7280 6180 5157 7035 4686 9211 958 2849 2788 6067 1595 5348 2051 5591 9262 9919 7750 5477 6002 3647 9775 6005 5704 4608 7796 7221 7967 3124 9942 1417 5435 5378 6334 9711 1514 1226 1547 8942 4315 3283 3813 9932 8437 102 4165 4741 1265 8520 9309 2228 9866 1018 3306 6371 9495 3850 7487 9025 4158 3712 3489 3881 7474 4715 7548 9617 5124 419 8417 7734 532 8282 2577 6494 4789 6601 4580 2586 3816 8928 5821 485 9828 8226 654 9869 7284 1736 727 214 2453 1249 8675 5078 5493 8751 8277 5917 7327 5620 1079 3847 5041 4019 7618 70 6349 5692 5822 9378 8958 3496 2548 921 770 3947 5865 7471 9569 4303 9684 8598 6762 6279 860 1633 5857 8796 5145 7365 6304 2282 5925 4309 6379 3307 1106 536 6720 8091 2627 9214 9795 506 8440 8875 9410 9224 2372 246 6096 4010 5642 5287 9008 6650 7913 3964 3107 770 9665 801 8851 1244 8497 2811 8705 136 9187 7125 4814 5845 7212 6375 4983 3366 1202 4909 6804 7545 4105 1947 8708 9272 7328 2554 7282 3887 499 9730 6601 8176 4842 264 2302 543 4179 1075 5759 760 7283 2192 5560 2543 2782 3328 3240 3933 5698 3308 6351 190 8788 2155 7659 7536 4438 886 5220 550 3628 4237 6665 2444 8376 54 7808 4677 2678 8109 7954 1976 7978 8068 2664 5359 6812 8861 9137 9340 933 300 4903 8454 5915
