86
1 2
1 3
3 4
4 5
2 6
6 7
3 8
1 9
5 10
4 11
5 12
12 13
12 14
14 15
13 16
2 17
15 18
18 19
18 20
18 21
19 22
3 23
9 24
20 25
16 26
23 27
24 28
5 29
10 30
21 31
8 32
17 33
22 34
26 35
24 36
17 37
22 38
12 39
8 40
34 41
40 42
1 43
4 44
44 45
36 46
21 47
24 48
44 49
29 50
16 51
47 52
14 53
40 54
37 55
1 56
54 57
34 58
49 59
5 60
40 61
26 62
1 63
38 64
49 65
1 66
6 67
56 68
37 69
8 70
11 71
65 72
2 73
22 74
8 75
75 76
14 77
21 78
68 79
13 80
60 81
25 82
37 83
33 84
68 85
40 86
4240 5257 1736 7152 225 4669 165 2053 3010 7265 1512 4351 6075 7778 193 74 5074 7471 7356 1543 8425 5297 587 7969 3098 2717 7795 1715 1691 3448 6637 4597 4264 611 838 7249 8064 8494 7697 7949 930 5165 812 6755 2092 8559 7439 4248 6228 4924 9940 7620 3647 7854 7844 7545 7203 6965 2924 9844 6172 3048 3086 4169 8549 5271 3158 7058 6548 8592 2925 2168 5608 24 4088 8147 7726 5309 963 277 5628 8255 3872 4503 1822 4924
