998
1 2
1 3
1 4
3 5
2 6
4 7
2 8
4 9
8 10
2 11
7 12
8 13
10 14
13 15
9 16
10 17
17 18
17 19
10 20
7 21
13 22
17 23
1 24
1 25
6 26
16 27
4 28
4 29
10 30
11 31
2 32
12 33
11 34
23 35
17 36
23 37
7 38
24 39
12 40
10 41
28 42
35 43
22 44
21 45
30 46
43 47
12 48
39 49
2 50
11 51
13 52
2 53
33 54
31 55
50 56
3 57
30 58
30 59
45 60
54 61
10 62
43 63
15 64
5 65
14 66
43 67
66 68
61 69
27 70
19 71
41 72
69 73
7 74
19 75
5 76
32 77
74 78
17 79
70 80
43 81
65 82
45 83
69 84
65 85
46 86
85 87
4 88
10 89
59 90
11 91
9 92
78 93
53 94
47 95
37 96
71 97
76 98
6 99
32 100
50 101
56 102
76 103
42 104
57 105
85 106
87 107
98 108
95 109
70 110
34 111
14 112
58 113
55 114
55 115
80 116
96 117
33 118
112 119
82 120
103 121
67 122
1 123
89 124
68 125
87 126
36 127
73 128
96 129
62 130
49 131
34 132
96 133
120 134
8 135
28 136
129 137
3 138
43 139
119 140
70 141
133 142
101 143
94 144
81 145
117 146
143 147
124 148
56 149
114 150
27 151
4 152
42 153
112 154
37 155
56 156
117 157
69 158
124 159
4 160
139 161
25 162
86 163
123 164
119 165
47 166
164 167
45 168
41 169
74 170
50 171
42 172
120 173
168 174
171 175
174 176
81 177
4 178
90 179
64 180
77 181
75 182
98 183
27 184
87 185
28 186
152 187
167 188
125 189
126 190
91 191
185 192
21 193
38 194
113 195
113 196
76 197
159 198
120 199
113 200
24 201
183 202
53 203
157 204
115 205
191 206
16 207
187 208
59 209
4 210
173 211
149 212
168 213
111 214
95 215
203 216
199 217
89 218
191 219
107 220
96 221
103 222
117 223
66 224
186 225
18 226
84 227
227 228
29 229
90 230
17 231
99 232
57 233
102 234
21 235
20 236
23 237
54 238
97 239
72 240
207 241
13 242
204 243
53 244
21 245
208 246
63 247
69 248
215 249
157 250
10 251
171 252
227 253
92 254
37 255
110 256
79 257
53 258
190 259
83 260
16 261
150 262
51 263
243 264
52 265
46 266
160 267
207 268
92 269
254 270
196 271
127 272
169 273
52 274
109 275
176 276
161 277
15 278
7 279
187 280
246 281
273 282
29 283
139 284
86 285
166 286
59 287
151 288
2 289
1 290
270 291
223 292
201 293
143 294
135 295
149 296
237 297
129 298
78 299
66 300
274 301
133 302
162 303
103 304
227 305
48 306
265 307
244 308
118 309
224 310
15 311
299 312
143 313
291 314
259 315
202 316
140 317
278 318
272 319
161 320
43 321
152 322
192 323
74 324
113 325
277 326
238 327
54 328
119 329
79 330
291 331
115 332
117 333
317 334
104 335
203 336
278 337
160 338
296 339
146 340
164 341
117 342
272 343
320 344
243 345
27 346
64 347
64 348
280 349
275 350
103 351
269 352
221 353
107 354
116 355
338 356
274 357
268 358
85 359
310 360
139 361
316 362
329 363
109 364
268 365
67 366
165 367
282 368
184 369
316 370
156 371
325 372
36 373
318 374
56 375
244 376
48 377
55 378
357 379
372 380
186 381
166 382
214 383
266 384
353 385
353 386
312 387
86 388
227 389
198 390
151 391
380 392
278 393
168 394
259 395
13 396
64 397
160 398
173 399
366 400
22 401
34 402
319 403
352 404
152 405
264 406
314 407
42 408
165 409
278 410
185 411
355 412
267 413
122 414
314 415
69 416
29 417
380 418
404 419
233 420
349 421
298 422
174 423
110 424
204 425
425 426
44 427
272 428
180 429
279 430
415 431
410 432
265 433
244 434
142 435
34 436
98 437
132 438
303 439
223 440
313 441
88 442
262 443
172 444
438 445
291 446
366 447
280 448
275 449
130 450
196 451
38 452
194 453
396 454
79 455
183 456
436 457
217 458
451 459
221 460
44 461
309 462
257 463
343 464
7 465
449 466
73 467
120 468
180 469
37 470
91 471
131 472
261 473
56 474
461 475
25 476
208 477
277 478
2 479
147 480
156 481
287 482
69 483
109 484
277 485
330 486
113 487
241 488
9 489
351 490
135 491
204 492
421 493
227 494
112 495
383 496
252 497
217 498
405 499
491 500
351 501
361 502
349 503
119 504
53 505
274 506
120 507
316 508
87 509
389 510
484 511
71 512
394 513
134 514
124 515
400 516
255 517
183 518
509 519
275 520
128 521
37 522
87 523
382 524
226 525
4 526
148 527
484 528
318 529
202 530
440 531
274 532
242 533
420 534
515 535
185 536
124 537
126 538
173 539
358 540
507 541
204 542
203 543
185 544
52 545
126 546
439 547
514 548
321 549
324 550
187 551
235 552
539 553
46 554
417 555
375 556
495 557
399 558
247 559
197 560
517 561
268 562
346 563
505 564
378 565
110 566
340 567
315 568
191 569
275 570
543 571
301 572
313 573
354 574
280 575
507 576
230 577
549 578
564 579
23 580
579 581
229 582
333 583
513 584
392 585
462 586
402 587
255 588
424 589
67 590
31 591
239 592
349 593
72 594
142 595
65 596
316 597
483 598
486 599
158 600
450 601
76 602
401 603
494 604
528 605
265 606
354 607
247 608
165 609
233 610
435 611
576 612
170 613
200 614
285 615
183 616
204 617
184 618
457 619
417 620
62 621
172 622
14 623
486 624
38 625
100 626
79 627
492 628
404 629
203 630
344 631
411 632
443 633
463 634
163 635
223 636
338 637
344 638
206 639
92 640
431 641
177 642
281 643
508 644
262 645
431 646
465 647
325 648
172 649
319 650
234 651
50 652
103 653
467 654
522 655
301 656
99 657
594 658
496 659
530 660
481 661
539 662
67 663
248 664
30 665
167 666
632 667
163 668
240 669
125 670
109 671
559 672
523 673
144 674
576 675
57 676
268 677
409 678
373 679
78 680
242 681
223 682
236 683
123 684
230 685
35 686
41 687
219 688
295 689
223 690
565 691
295 692
259 693
144 694
610 695
156 696
257 697
465 698
170 699
184 700
515 701
134 702
467 703
503 704
221 705
107 706
680 707
444 708
240 709
456 710
527 711
213 712
569 713
175 714
195 715
188 716
169 717
675 718
533 719
81 720
614 721
432 722
495 723
242 724
430 725
94 726
646 727
70 728
567 729
437 730
506 731
322 732
458 733
85 734
714 735
118 736
285 737
389 738
445 739
329 740
525 741
657 742
362 743
583 744
375 745
625 746
175 747
477 748
245 749
543 750
540 751
85 752
64 753
258 754
455 755
146 756
258 757
602 758
268 759
286 760
120 761
10 762
253 763
7 764
190 765
761 766
675 767
439 768
7 769
118 770
718 771
26 772
228 773
106 774
24 775
733 776
625 777
93 778
114 779
653 780
628 781
649 782
221 783
127 784
347 785
246 786
414 787
65 788
625 789
650 790
677 791
664 792
755 793
257 794
750 795
563 796
483 797
55 798
743 799
596 800
749 801
335 802
316 803
718 804
188 805
570 806
493 807
103 808
288 809
536 810
780 811
522 812
157 813
257 814
16 815
696 816
267 817
116 818
526 819
22 820
792 821
502 822
406 823
608 824
618 825
636 826
167 827
184 828
71 829
126 830
563 831
429 832
777 833
303 834
608 835
703 836
773 837
215 838
476 839
543 840
86 841
402 842
769 843
713 844
579 845
578 846
210 847
129 848
162 849
551 850
165 851
603 852
551 853
668 854
651 855
94 856
347 857
614 858
298 859
673 860
445 861
290 862
239 863
660 864
104 865
600 866
244 867
737 868
159 869
253 870
567 871
594 872
831 873
347 874
422 875
60 876
130 877
380 878
706 879
386 880
459 881
880 882
431 883
709 884
838 885
406 886
397 887
699 888
455 889
431 890
24 891
121 892
479 893
323 894
872 895
682 896
571 897
345 898
80 899
321 900
157 901
848 902
24 903
60 904
431 905
360 906
730 907
662 908
607 909
325 910
716 911
271 912
576 913
801 914
693 915
329 916
404 917
286 918
559 919
912 920
13 921
713 922
319 923
784 924
645 925
293 926
632 927
886 928
5 929
901 930
642 931
80 932
248 933
400 934
720 935
864 936
467 937
821 938
694 939
297 940
119 941
710 942
432 943
430 944
616 945
561 946
614 947
556 948
794 949
900 950
740 951
814 952
637 953
730 954
682 955
794 956
882 957
185 958
363 959
202 960
113 961
116 962
277 963
142 964
504 965
544 966
862 967
811 968
574 969
882 970
605 971
748 972
871 973
297 974
751 975
16 976
565 977
673 978
325 979
476 980
85 981
919 982
733 983
657 984
327 985
749 986
335 987
656 988
855 989
451 990
300 991
153 992
637 993
381 994
660 995
234 996
944 997
815 998
3456 9170 2542 507 5287 5245 1657 678 4389 7786 3674 1767 5101 2839 7614 8529 9293 9365 9148 4920 2302 5189 8178 5150 7667 1945 3720 2788 3948 4089 8125 191 4252 657 2557 9952 7255 3208 2756 2975 4777 8272 30 8129 680 5910 3431 9996 4126 8745 2300 6581 2650 3957 9302 1740 400 2401 6870 1419 4164 8785 7321 4301 9192 4283 4439 8755 3987 7225 7155 409 7639 8705 2060 4393 9591 3297 607 5235 4451 3847 2108 5883 2848 6625 8256 5312 7850 8275 418 3476 4708 5519 6382 6729 6961 1277 9909 3688 9104 8297 118 9136 2464 7622 3149 619 7539 7807 4522 6298 819 9786 3828 2587 7754 3970 4306 3956 8591 6982 2761 1012 9217 8766 7636 9042 6435 9556 110 7542 667 5157 4225 2870 4726 8499 8698 6720 2256 457 3036 7668 3485 3407 2900 7448 8638 4446 8323 2614 6962 3475 8893 5074 8869 9886 1110 4790 7151 9356 9946 584 3489 8146 6577 5400 7554 2397 5846 7013 757 788 1444 763 6770 1120 5616 7842 3224 9627 8317 9269 360 1523 4756 3811 8210 4841 1364 5875 3290 4472 6036 5705 767 8579 9499 6221 2089 2848 4275 2938 682 307 8735 9739 5137 2886 8136 7473 4972 771 3419 3681 7221 7165 9511 8453 5536 8275 5588 9851 8260 5232 2746 681 1326 414 8234 1084 6571 1112 1317 9369 5582 327 4296 5819 8384 4514 7347 8864 6771 4728 5743 4483 212 2575 8695 4853 3153 5315 1926 9995 6312 2112 3710 4713 2865 8124 6721 2944 1091 4966 816 2336 6137 9393 1635 5582 7441 3389 327 8776 2276 787 7763 5199 7871 6579 5331 8189 7766 861 8526 1875 1211 3767 4679 3089 1979 8988 3269 725 5409 8607 2600 2649 6046 417 3158 998 6621 7382 2774 2151 2937 1813 7594 7626 8599 1811 7455 8030 9661 4051 9718 7973 7238 3971 4584 1465 6181 5318 3000 2655 5488 4146 8879 4129 5390 9697 3497 5700 4259 3267 2281 2138 5048 9545 5024 5211 7720 7637 8959 9727 81 3748 7093 3912 6416 8721 1776 376 7013 8607 1402 7957 1555 4560 1747 1557 7571 5783 3263 964 4652 9918 3057 5938 8879 912 4036 6974 4284 7076 5200 6130 8304 6342 8820 7226 296 1251 4246 2571 1496 437 9503 3806 5566 2529 9337 8890 4817 5625 3873 5838 9572 3409 8396 443 1920 4717 1286 7275 8717 1677 8624 4173 1538 2085 1037 8201 6732 4141 1654 1360 6107 835 5400 9532 7104 2478 472 9924 1302 7604 6111 9551 946 9860 7669 8211 1328 6576 194 9609 9582 932 368 7332 6594 2669 5471 3395 5376 539 6868 7436 5654 2185 8002 7507 8289 9181 1598 7136 4669 9158 5725 9010 6620 4304 4238 7654 6661 4479 284 4377 3140 7369 1086 5269 8481 5790 5980 7022 6440 7515 6938 8530 6192 1548 2418 9730 6473 9106 214 4733 557 1432 6133 5770 9667 5811 680 1491 5718 4267 9744 6212 5510 8709 4365 4762 6658 4266 5856 8897 1070 8117 1305 4171 9620 6913 379 1146 3431 6408 4241 9211 9770 177 273 6819 8254 9045 8002 8774 6430 7449 4076 3631 5626 1189 4530 5181 2713 9867 5092 6533 8503 2504 9009 8522 3974 8177 714 9931 5869 1354 205 149 3964 4155 9411 6229 7973 4686 8421 6180 2873 6463 5519 1535 74 5959 9384 9319 7231 8430 258 5952 2950 4325 3882 3699 4016 7560 4407 8419 9035 8717 9544 1393 8571 4139 7738 7351 8071 4834 945 9953 5109 6739 4745 259 3130 538 6921 6187 2861 2176 556 7510 3039 5362 226 4822 8315 5508 744 7832 2322 3296 9674 1867 1805 86 6869 8114 4309 6134 3123 9534 3923 4469 3168 2018 7906 2901 1499 564 5095 6671 6580 8911 1554 764 6109 6265 3674 9602 4685 2126 8901 4024 2479 2516 8836 7557 7352 7520 447 7034 8923 5626 6155 3231 3601 2967 6763 7339 3595 1116 2213 8236 9215 9796 4118 9727 5054 5039 2694 6259 6823 4414 8151 3781 3366 9573 2768 2472 8650 4287 9666 8294 1716 902 6605 4319 7887 2343 8722 2888 7449 6992 7715 1149 3976 3736 3882 8184 2745 7401 6047 5262 7574 8679 1971 9523 7120 9016 4450 3010 8198 11 2049 8006 667 6120 2976 3248 9051 1638 4216 6767 8820 9460 4440 9995 8368 9325 5357 4158 9353 8425 4537 5751 2986 5997 1998 5660 1696 8888 9113 7244 4174 603 5003 3580 6927 1657 3947 6395 4538 5633 6910 6328 8895 3600 4578 7632 6898 4736 9002 5755 8661 432 4672 6130 8239 379 8210 6152 9774 2587 8815 3081 4854 9366 4203 743 414 5191 7314 6295 2005 6561 653 161 4954 9840 4531 6008 7638 6607 1219 6038 1361 4638 4298 9021 134 8281 2092 2262 2058 2481 9036 2864 2107 4814 6767 3300 5131 6419 3078 1140 2092 2197 9237 2983 2734 2714 1087 6414 8804 8280 2889 9503 4959 4668 3733 407 2260 2228 9900 182 8206 1232 9281 4193 6363 5149 4453 7565 4367 5726 8097 2308 7804 7628 2506 6431 1052 2860 8894 9964 4745 9729 3700 112 2255 4365 4568 6964 9576 8195 9406 6713 9252 1306 3573 7332 7439 337 5440 6589 7289 5240 6265 623 6771 5119 2408 9786 4385 1371 8557 6598 1265 5382 6966 3738 467 8914 3029 449 1937 4770 1572 5382 6726 7107 5935 2076 5087 1275 6780 8793 5828 1957 9892 8767 8750 8173 2326 9455 1414 9366 5535 9505 2509 5560 4249 9220 3622 7127 5138 9910 507 8418 199 5498 7712 8371 6059 5331 8534 1257 3767 2844 3112 7811 5133 4315 3768 4848 6400 1541 7207 1857 7312 610 9841 4627 9573 929 3038 5936 86 4897 6686 4308 3776 5752 3188 5796 5253 9786 1322 6306 8894 6497 638 7203 5000 4025 5172 3832 1646 888 8839 9652 7645 6976 782 4184 7830 1243 4757 417 351 9284
