806
1 2
2 3
1 4
1 5
3 6
4 7
3 8
7 9
8 10
6 11
6 12
10 13
13 14
1 15
1 16
10 17
3 18
1 19
18 20
6 21
16 22
1 23
6 24
17 25
8 26
15 27
21 28
1 29
16 30
14 31
18 32
25 33
14 34
14 35
23 36
34 37
21 38
19 39
32 40
12 41
13 42
36 43
27 44
28 45
30 46
2 47
41 48
26 49
30 50
45 51
9 52
46 53
2 54
50 55
25 56
18 57
7 58
58 59
38 60
59 61
35 62
59 63
47 64
32 65
27 66
36 67
45 68
17 69
42 70
25 71
25 72
46 73
42 74
3 75
8 76
26 77
72 78
51 79
65 80
50 81
73 82
25 83
64 84
5 85
27 86
47 87
3 88
24 89
86 90
47 91
79 92
86 93
81 94
14 95
70 96
2 97
36 98
33 99
87 100
52 101
101 102
51 103
51 104
29 105
11 106
50 107
89 108
85 109
51 110
25 111
65 112
1 113
59 114
104 115
70 116
70 117
51 118
65 119
88 120
41 121
52 122
47 123
19 124
106 125
104 126
120 127
84 128
63 129
84 130
21 131
21 132
2 133
120 134
95 135
29 136
80 137
38 138
2 139
124 140
34 141
5 142
100 143
63 144
68 145
87 146
127 147
24 148
50 149
22 150
43 151
17 152
28 153
9 154
27 155
145 156
67 157
74 158
38 159
98 160
92 161
25 162
72 163
30 164
21 165
28 166
75 167
108 168
78 169
139 170
140 171
131 172
155 173
121 174
5 175
159 176
102 177
30 178
102 179
83 180
118 181
77 182
30 183
124 184
109 185
62 186
182 187
44 188
86 189
29 190
126 191
85 192
56 193
35 194
177 195
143 196
181 197
130 198
129 199
78 200
198 201
33 202
12 203
130 204
13 205
186 206
82 207
168 208
9 209
60 210
194 211
91 212
153 213
127 214
24 215
200 216
144 217
41 218
207 219
159 220
148 221
196 222
195 223
84 224
100 225
171 226
28 227
82 228
34 229
207 230
157 231
69 232
207 233
32 234
176 235
138 236
203 237
67 238
49 239
11 240
238 241
235 242
76 243
142 244
133 245
241 246
173 247
41 248
229 249
138 250
245 251
91 252
17 253
163 254
227 255
78 256
203 257
225 258
102 259
186 260
243 261
59 262
200 263
100 264
222 265
61 266
71 267
1 268
167 269
108 270
157 271
250 272
117 273
100 274
153 275
4 276
188 277
254 278
172 279
196 280
94 281
135 282
49 283
256 284
118 285
36 286
188 287
259 288
284 289
49 290
242 291
224 292
202 293
127 294
23 295
128 296
203 297
112 298
298 299
62 300
288 301
286 302
228 303
261 304
116 305
245 306
9 307
234 308
12 309
264 310
51 311
181 312
104 313
187 314
197 315
49 316
32 317
153 318
173 319
303 320
127 321
318 322
173 323
240 324
35 325
199 326
259 327
12 328
67 329
261 330
220 331
237 332
253 333
83 334
178 335
293 336
101 337
278 338
194 339
76 340
79 341
166 342
76 343
136 344
80 345
92 346
4 347
335 348
218 349
196 350
253 351
141 352
296 353
153 354
149 355
297 356
152 357
232 358
339 359
141 360
250 361
246 362
130 363
99 364
201 365
315 366
189 367
172 368
63 369
34 370
19 371
159 372
38 373
232 374
9 375
242 376
289 377
122 378
199 379
353 380
320 381
369 382
300 383
62 384
63 385
173 386
362 387
351 388
359 389
31 390
231 391
25 392
363 393
257 394
221 395
87 396
222 397
249 398
333 399
279 400
320 401
196 402
2 403
389 404
12 405
238 406
335 407
88 408
279 409
145 410
103 411
80 412
229 413
175 414
250 415
191 416
33 417
195 418
20 419
261 420
224 421
104 422
171 423
410 424
47 425
50 426
78 427
261 428
174 429
380 430
46 431
83 432
150 433
354 434
168 435
335 436
145 437
406 438
160 439
305 440
315 441
162 442
126 443
373 444
153 445
297 446
367 447
32 448
296 449
78 450
252 451
278 452
217 453
7 454
28 455
35 456
26 457
298 458
119 459
449 460
28 461
137 462
281 463
139 464
439 465
404 466
266 467
420 468
287 469
54 470
333 471
68 472
221 473
27 474
391 475
241 476
425 477
464 478
59 479
452 480
207 481
374 482
303 483
475 484
390 485
344 486
117 487
321 488
267 489
130 490
335 491
93 492
74 493
402 494
187 495
415 496
283 497
275 498
67 499
229 500
21 501
450 502
74 503
53 504
472 505
9 506
187 507
131 508
113 509
59 510
362 511
128 512
193 513
399 514
368 515
41 516
296 517
391 518
311 519
208 520
69 521
271 522
38 523
428 524
488 525
174 526
11 527
224 528
442 529
67 530
219 531
172 532
257 533
493 534
394 535
362 536
17 537
93 538
101 539
164 540
306 541
235 542
64 543
60 544
365 545
432 546
316 547
125 548
169 549
256 550
111 551
270 552
97 553
19 554
406 555
226 556
5 557
170 558
558 559
256 560
237 561
6 562
79 563
335 564
518 565
501 566
206 567
545 568
143 569
341 570
425 571
333 572
186 573
326 574
21 575
505 576
337 577
472 578
425 579
222 580
156 581
469 582
192 583
290 584
235 585
164 586
120 587
515 588
313 589
541 590
244 591
260 592
358 593
357 594
472 595
312 596
408 597
572 598
180 599
540 600
510 601
531 602
88 603
496 604
319 605
213 606
136 607
130 608
86 609
118 610
86 611
135 612
351 613
537 614
97 615
452 616
106 617
536 618
25 619
431 620
160 621
582 622
67 623
48 624
95 625
237 626
496 627
100 628
521 629
609 630
54 631
166 632
96 633
59 634
488 635
108 636
143 637
50 638
209 639
17 640
608 641
24 642
547 643
436 644
93 645
384 646
166 647
475 648
616 649
150 650
19 651
248 652
189 653
485 654
391 655
380 656
135 657
249 658
96 659
101 660
490 661
169 662
362 663
36 664
582 665
305 666
435 667
507 668
469 669
240 670
217 671
291 672
76 673
380 674
302 675
138 676
128 677
331 678
516 679
534 680
131 681
339 682
159 683
62 684
233 685
288 686
484 687
403 688
437 689
569 690
636 691
589 692
339 693
427 694
601 695
39 696
418 697
473 698
597 699
415 700
699 701
25 702
262 703
107 704
176 705
509 706
659 707
259 708
541 709
190 710
680 711
171 712
93 713
588 714
330 715
412 716
140 717
36 718
12 719
120 720
6 721
35 722
632 723
274 724
603 725
310 726
583 727
368 728
396 729
354 730
582 731
164 732
117 733
706 734
691 735
34 736
59 737
398 738
544 739
683 740
410 741
269 742
429 743
334 744
733 745
63 746
554 747
436 748
536 749
12 750
472 751
622 752
66 753
60 754
632 755
252 756
350 757
319 758
395 759
499 760
303 761
699 762
66 763
221 764
70 765
720 766
530 767
166 768
575 769
102 770
762 771
662 772
767 773
626 774
716 775
577 776
169 777
723 778
268 779
331 780
262 781
292 782
52 783
557 784
78 785
340 786
225 787
45 788
161 789
42 790
592 791
551 792
196 793
416 794
652 795
396 796
768 797
715 798
114 799
498 800
571 801
189 802
396 803
413 804
89 805
327 806
5882 2715 2805 6984 8039 1267 6378 5975 3584 2015 3836 8330 4621 8789 5413 107 5197 6057 3060 3237 5463 707 2558 6604 9495 3964 1445 548 4416 6406 6191 4672 8492 1879 7071 679 5153 3800 7894 1439 4610 2548 3316 1713 5313 6399 6944 5302 4992 5612 4656 8727 8205 835 4346 9299 4092 6678 7844 6785 4250 2119 7991 7207 1437 2579 653 1433 2584 896 9843 8282 4322 5496 4332 7662 1688 3022 8673 689 492 7924 6156 6935 634 4298 9340 6415 9661 3404 216 4928 1922 5998 2578 1497 6987 4927 438 9756 8934 2313 3303 9919 1458 5149 1047 8200 3675 637 1544 7158 9316 7014 7088 6990 1303 5625 5185 1474 5919 5611 3461 9384 2431 3799 1065 7458 3996 4948 9972 5713 5345 1095 3205 8579 983 2371 7415 5864 9719 2308 246 7803 2848 9962 444 4958 6461 8507 6963 7055 4986 4364 9773 8143 2373 6367 1219 5790 8584 9001 6990 4280 5413 8522 7045 8459 5324 6192 2817 1794 9774 5986 5664 7440 3828 5474 8193 9117 6290 6608 9194 97 5497 6792 6984 5860 23 6277 1862 3267 829 1116 7405 6871 7634 8087 3837 4038 8495 2349 6300 4695 5783 4630 6092 319 2550 1836 440 6576 9202 7683 8331 2830 1640 9896 3602 7245 4242 2340 1938 5680 4596 5219 1488 9754 9531 4138 1889 1872 7376 6370 2945 7206 2516 2040 5359 6850 9645 7960 8221 5606 1410 4892 7715 8602 8142 4059 8568 6519 2102 4844 7610 758 9529 8364 4658 3004 9490 8670 5484 8984 8675 1492 6191 3014 7735 1029 5463 2820 6120 5393 9521 9774 9622 6239 624 9283 9486 7740 8367 1016 7540 2443 7797 6404 6886 712 7377 7384 5845 2329 6546 3680 9966 6362 387 8684 8292 5961 6179 2443 8489 3832 4420 5019 6211 3307 6855 2823 8890 5062 1985 3888 5375 2589 5057 7832 6432 816 5328 9183 6926 7435 5286 5993 4092 2120 1644 9778 8288 8945 2344 45 5138 3182 6243 7354 9252 3481 4267 3488 3407 3995 816 2877 3385 962 374 98 9394 4608 2434 5214 2538 1239 8227 6332 6141 5527 432 5708 4016 9063 51 6366 6598 8985 5412 796 261 5076 5344 5074 7183 4027 6983 3612 8753 3545 1876 8949 5516 2450 7250 8780 9482 5103 9073 3828 1194 2832 7132 5816 2801 7457 8244 1382 9741 5977 7476 7573 3549 4052 4973 2399 3166 2417 9041 7655 2321 8531 7767 9515 1731 1535 5256 6457 8088 203 3020 41 2899 8354 3174 835 1176 3000 9593 3594 8310 2990 9101 6967 616 3303 6285 1538 4901 7763 3630 3745 4167 9053 5802 909 5629 2255 4958 7552 8978 8476 9410 2482 141 3158 9559 54 230 4572 2818 1176 2122 2414 6352 1028 5171 5874 6560 6169 2414 1405 9707 1358 4390 4028 8848 1374 2878 9042 5542 8548 2786 4812 8453 8400 326 2716 2654 7335 2675 5393 1791 7238 7458 7097 6468 6055 9242 6041 9551 6320 8032 4695 1287 908 6078 7987 4065 9678 1839 1906 1825 7199 6094 1612 8337 4030 828 9827 3000 5284 2968 4233 2959 6014 4849 880 5043 2674 5846 346 8221 1183 7636 5449 5841 2269 5512 5526 4312 4810 7165 273 4104 3502 236 1253 1939 5193 9297 5786 129 7309 2706 5320 6751 9013 6330 3565 7677 7252 6012 5523 4124 2191 8531 6133 8536 3104 9301 3749 1456 6129 1572 6332 1881 5855 3179 7044 1614 6642 1525 6559 2777 8707 7089 8398 7820 8706 6977 6975 6770 5221 8031 8952 3703 9412 2612 198 9460 577 9363 3656 1460 1371 6608 6991 8830 4915 5918 6378 683 27 1197 6953 3191 1636 2340 282 6705 1167 1494 7037 8574 4702 6589 1352 6567 1993 3816 4861 3262 1465 9992 2419 5891 7756 3759 9213 3682 7898 2374 5041 4812 9033 660 2828 3606 5422 2235 9245 9984 4811 8797 8905 2270 7864 123 8193 8997 6553 1831 6599 9528 4021 7225 9448 8340 9746 4345 5274 6370 1369 5183 2787 6590 5574 1593 7912 5017 6463 5623 1889 2197 1156 5004 1436 3665 941 4208 9454 1220 1049 6966 1098 7008 1685 3541 8328 1181 3972 5841 152 4392 8158 8483 8766 9550 1108 9595 992 3286 2352 5718 5020 2992 9867 1375 8148 1475 4207 7264 9913 3905 2187 4987 8782 4985 6052 7860 104 7975 8741 5357 4513 3120 69 5353 9031 8145 4890 4739 9608 7721 6859 2256 3678 9404 1638 777 8025 1905 513 6170 6097 1171 9779 9025 6216 2732 3154 519 8710 2036 1718 840 2262 8965 9940 9101 3795 9895 7414 6841 3496 2730 6118 7198 4949 2474 8975 3286 2771 4396 5470 1942 6511 8556 8225 445 1265 3042 307 84 2156 6057 7482 7929 8034 6345 6977 9656 6835
