849
1 2
2 3
2 4
4 5
5 6
2 7
7 8
2 9
8 10
3 11
3 12
1 13
8 14
9 15
8 16
7 17
15 18
3 19
5 20
20 21
13 22
11 23
1 24
13 25
6 26
10 27
4 28
15 29
10 30
19 31
30 32
19 33
19 34
34 35
29 36
14 37
29 38
11 39
32 40
4 41
10 42
26 43
12 44
21 45
33 46
4 47
17 48
40 49
29 50
4 51
31 52
3 53
12 54
8 55
19 56
43 57
20 58
27 59
46 60
1 61
26 62
20 63
42 64
7 65
37 66
36 67
26 68
65 69
51 70
60 71
56 72
36 73
18 74
35 75
29 76
53 77
70 78
57 79
9 80
22 81
26 82
69 83
75 84
81 85
55 86
8 87
22 88
13 89
61 90
39 91
13 92
29 93
6 94
33 95
9 96
76 97
49 98
58 99
84 100
92 101
11 102
3 103
45 104
60 105
54 106
9 107
17 108
66 109
7 110
17 111
99 112
100 113
52 114
20 115
79 116
29 117
115 118
111 119
64 120
112 121
70 122
92 123
6 124
39 125
92 126
36 127
65 128
116 129
52 130
129 131
50 132
102 133
11 134
63 135
54 136
5 137
91 138
57 139
58 140
27 141
86 142
81 143
82 144
25 145
103 146
143 147
113 148
116 149
50 150
133 151
3 152
70 153
57 154
127 155
17 156
82 157
3 158
109 159
63 160
137 161
116 162
95 163
15 164
60 165
128 166
99 167
97 168
156 169
92 170
76 171
38 172
32 173
90 174
10 175
30 176
3 177
6 178
114 179
25 180
169 181
35 182
133 183
38 184
110 185
171 186
63 187
78 188
86 189
86 190
73 191
27 192
116 193
33 194
35 195
145 196
191 197
102 198
82 199
155 200
59 201
48 202
185 203
195 204
28 205
83 206
199 207
207 208
77 209
153 210
92 211
56 212
206 213
75 214
63 215
120 216
71 217
50 218
108 219
169 220
220 221
90 222
200 223
170 224
175 225
142 226
215 227
172 228
181 229
227 230
99 231
123 232
85 233
75 234
133 235
106 236
169 237
150 238
33 239
57 240
75 241
205 242
73 243
14 244
150 245
137 246
152 247
241 248
143 249
171 250
177 251
108 252
65 253
140 254
103 255
180 256
12 257
118 258
29 259
104 260
168 261
110 262
150 263
20 264
13 265
76 266
54 267
143 268
128 269
65 270
96 271
2 272
69 273
259 274
118 275
142 276
172 277
42 278
187 279
276 280
186 281
32 282
50 283
121 284
1 285
212 286
89 287
12 288
200 289
181 290
239 291
150 292
225 293
1 294
195 295
11 296
46 297
175 298
288 299
100 300
59 301
68 302
283 303
74 304
268 305
106 306
103 307
61 308
25 309
65 310
111 311
88 312
249 313
24 314
272 315
166 316
47 317
50 318
288 319
3 320
236 321
20 322
161 323
97 324
17 325
281 326
273 327
92 328
200 329
139 330
177 331
324 332
276 333
121 334
69 335
318 336
205 337
54 338
309 339
214 340
28 341
276 342
340 343
266 344
90 345
326 346
27 347
48 348
326 349
186 350
295 351
250 352
216 353
318 354
216 355
321 356
294 357
29 358
15 359
234 360
2 361
356 362
73 363
355 364
347 365
205 366
44 367
337 368
329 369
301 370
281 371
240 372
287 373
102 374
195 375
35 376
46 377
198 378
237 379
139 380
111 381
149 382
315 383
322 384
238 385
50 386
103 387
351 388
313 389
260 390
215 391
288 392
175 393
334 394
21 395
333 396
349 397
201 398
354 399
228 400
269 401
313 402
212 403
242 404
223 405
248 406
195 407
67 408
143 409
12 410
20 411
135 412
11 413
9 414
395 415
282 416
98 417
188 418
335 419
405 420
270 421
276 422
341 423
364 424
419 425
303 426
58 427
204 428
398 429
168 430
193 431
149 432
251 433
145 434
236 435
33 436
205 437
396 438
256 439
260 440
288 441
343 442
252 443
300 444
359 445
355 446
239 447
30 448
323 449
156 450
443 451
61 452
391 453
395 454
393 455
179 456
292 457
306 458
200 459
410 460
96 461
380 462
90 463
171 464
275 465
46 466
239 467
128 468
60 469
161 470
314 471
398 472
63 473
300 474
398 475
159 476
298 477
145 478
360 479
394 480
167 481
139 482
259 483
130 484
267 485
240 486
445 487
161 488
22 489
109 490
312 491
403 492
422 493
303 494
57 495
240 496
61 497
275 498
367 499
223 500
403 501
374 502
145 503
394 504
26 505
217 506
438 507
402 508
332 509
253 510
58 511
103 512
22 513
435 514
166 515
104 516
3 517
421 518
479 519
120 520
117 521
17 522
398 523
219 524
277 525
197 526
419 527
13 528
112 529
45 530
392 531
125 532
330 533
493 534
287 535
315 536
385 537
50 538
204 539
127 540
524 541
129 542
490 543
444 544
533 545
193 546
381 547
87 548
109 549
211 550
504 551
323 552
394 553
87 554
285 555
394 556
324 557
248 558
295 559
272 560
196 561
416 562
66 563
206 564
415 565
288 566
312 567
422 568
46 569
419 570
36 571
416 572
242 573
44 574
5 575
510 576
28 577
144 578
130 579
47 580
312 581
212 582
459 583
206 584
79 585
566 586
125 587
125 588
431 589
450 590
159 591
185 592
466 593
246 594
412 595
333 596
29 597
295 598
596 599
192 600
436 601
322 602
455 603
453 604
517 605
174 606
143 607
142 608
411 609
284 610
495 611
228 612
291 613
324 614
550 615
165 616
27 617
309 618
157 619
439 620
47 621
8 622
184 623
58 624
472 625
313 626
104 627
374 628
369 629
94 630
127 631
176 632
337 633
175 634
304 635
423 636
467 637
418 638
628 639
239 640
537 641
17 642
367 643
538 644
456 645
414 646
192 647
110 648
345 649
61 650
371 651
561 652
225 653
102 654
555 655
319 656
141 657
166 658
326 659
98 660
584 661
160 662
64 663
76 664
406 665
530 666
622 667
126 668
374 669
201 670
124 671
439 672
356 673
130 674
37 675
75 676
103 677
237 678
637 679
450 680
584 681
652 682
644 683
348 684
419 685
353 686
410 687
130 688
233 689
225 690
343 691
50 692
682 693
65 694
666 695
607 696
565 697
110 698
443 699
172 700
89 701
319 702
511 703
423 704
25 705
511 706
197 707
282 708
96 709
359 710
455 711
604 712
10 713
625 714
665 715
614 716
226 717
432 718
423 719
715 720
238 721
576 722
369 723
275 724
259 725
611 726
156 727
567 728
543 729
413 730
360 731
385 732
137 733
570 734
465 735
651 736
523 737
245 738
204 739
694 740
174 741
408 742
283 743
583 744
396 745
73 746
277 747
366 748
361 749
80 750
669 751
530 752
624 753
454 754
754 755
22 756
588 757
636 758
68 759
60 760
421 761
432 762
94 763
391 764
640 765
119 766
521 767
357 768
160 769
464 770
85 771
449 772
111 773
682 774
744 775
50 776
407 777
767 778
734 779
259 780
551 781
390 782
506 783
69 784
709 785
750 786
49 787
738 788
536 789
724 790
23 791
375 792
683 793
334 794
737 795
377 796
557 797
625 798
522 799
711 800
233 801
800 802
656 803
378 804
230 805
476 806
75 807
646 808
577 809
738 810
593 811
237 812
664 813
426 814
436 815
802 816
4 817
6 818
771 819
28 820
609 821
584 822
753 823
761 824
718 825
19 826
811 827
199 828
345 829
713 830
825 831
88 832
36 833
23 834
268 835
561 836
288 837
754 838
563 839
646 840
806 841
678 842
608 843
522 844
221 845
564 846
171 847
612 848
181 849
5451 461 5593 8946 799 1638 3744 3151 5945 5231 67 4847 2086 507 2564 5354 2478 8374 3860 3298 6652 7228 4064 6062 1246 5522 7640 842 1776 7843 7061 2590 4933 8209 8828 5429 599 6393 7699 8335 1626 854 3024 441 8145 8714 126 9426 3456 4299 2899 8210 9464 6162 8196 6152 5262 3121 5614 9648 3111 8902 6535 6566 3693 2661 2631 2046 9662 4273 4622 728 2960 3047 708 272 2526 3346 2447 7908 4662 5275 9977 5031 6301 6160 443 1231 8602 7044 7955 2332 7770 4862 1958 7283 209 5476 4340 7161 495 2256 2893 3716 2395 6272 4416 1284 5107 3494 6552 4706 971 8897 5187 6467 4036 9334 1685 6758 1468 6535 3361 9928 6834 6069 7257 847 2696 4106 1648 8379 8591 6718 6501 4652 4540 8036 6718 1603 1765 712 566 552 7047 9233 6653 2529 947 3752 2195 9343 5561 7448 6854 8672 6699 4213 7622 5309 8249 8487 3656 9983 9072 1253 6259 9853 9231 9441 8839 4490 6908 7353 1757 1380 2377 4713 42 721 2187 3580 4139 7865 9545 333 711 8279 5630 9389 3756 1101 1253 201 8397 5652 5939 285 8137 5646 8379 1146 4143 3477 9672 7344 441 1153 5490 1519 453 7653 7047 5080 1272 538 7313 298 7130 1146 5798 7015 7842 7483 3360 1513 6929 6756 6709 6378 8298 3653 774 653 891 7102 5492 1242 3259 4673 1777 9538 3469 1249 8943 5754 1298 7977 1899 911 5326 4943 8347 8445 3708 1877 6165 1629 8793 3226 3712 7747 4444 4128 7047 8718 1731 6918 9000 4602 3153 1900 4831 7943 4579 3007 1895 2208 2593 7618 8847 2001 6167 7418 4095 3190 3424 4350 8193 9924 5915 3463 8125 917 6765 9985 3739 6720 6643 3816 4122 416 604 7487 9957 4314 145 595 4940 6333 651 4592 9145 1044 539 2308 7023 3104 957 9738 8808 8615 4967 64 7831 5369 8025 8856 1397 2692 4080 1288 3053 9019 321 954 4893 5969 4019 291 5963 5616 9126 8495 7621 4125 572 6034 3992 3514 5651 1355 2065 9039 3926 909 8904 8813 2371 4415 3956 8851 2422 7864 6483 5711 9532 4537 1219 5631 6828 1733 2970 2334 9280 5038 5232 8774 7796 3333 8330 5467 3942 4761 2689 8749 8897 585 7678 6430 6365 867 4822 7238 3672 1162 5684 858 5141 3951 9305 797 7307 3998 9797 8451 8483 6128 9604 5828 9534 7689 5632 9111 1216 8693 2042 2192 1020 5005 6293 3912 472 2947 5611 9983 5385 5943 7535 2160 4447 8095 4684 4441 8725 4725 5693 673 5211 1613 2494 9882 7220 9264 5300 6781 3139 9968 4102 5084 6537 6626 2927 8818 4306 268 5244 5240 6884 2920 1142 2606 8146 3727 7958 6606 989 6354 5465 263 2684 4495 5430 1153 9346 4456 9357 7794 6369 8292 6062 3775 661 9251 3343 4546 831 2493 7045 9184 2846 429 4851 1893 5054 2477 8652 2487 3378 4883 2991 8344 6270 535 6689 6896 2309 53 5878 24 3581 9891 4982 711 4877 6129 6027 5557 8094 3870 4435 1302 9711 3567 9864 7131 6848 8494 7503 2219 9425 3856 3503 8074 4107 1668 9795 6300 2829 2995 2543 6065 7798 6573 6394 6221 1813 713 1021 4976 4337 3138 4641 297 4519 1526 547 5381 3303 1658 6897 2619 328 8046 1192 1917 1356 8290 6014 5863 4745 8479 7207 6556 3215 6407 332 5523 3897 4755 2305 4030 3503 5464 848 613 6578 3769 402 7730 1578 6580 5952 9648 3552 6682 3891 7103 387 2486 6553 7149 3683 2768 7313 7703 6983 7149 32 7631 9059 3998 810 7639 4094 614 1248 8870 3380 8424 7909 9613 5257 1787 6235 8455 3005 5041 6908 7213 7945 4389 832 905 5258 8868 1628 1816 3803 4821 7253 446 960 2468 2688 9163 8466 9566 7390 8829 2283 7849 1553 8478 8072 6570 5692 7706 5650 555 5950 9250 6297 1884 9009 4688 4086 1099 6887 8221 8673 8726 8995 6361 4023 1143 4226 7777 6448 8508 8007 7614 6661 6754 5738 5021 4266 1289 3804 42 211 6374 9985 6719 8827 5643 4073 581 1351 9845 8195 7794 8377 282 4438 429 3952 4111 6211 8703 2420 4346 9828 9205 2679 3524 7470 6080 2758 1107 52 6796 7562 6223 6342 7201 228 5139 9450 8289 2796 2062 7338 1539 8184 9775 6826 227 6267 9220 9087 6109 8303 1027 9008 9888 4485 9766 8113 9769 4226 4792 9480 8674 1438 8196 8222 6564 5886 6538 8567 6923 7951 1037 6198 9806 9319 9983 2919 6367 4417 5806 4483 8410 6069 1620 1023 4780 607 634 2967 5953 5386 9187 9803 8340 5236 9487 3774 706 1447 9273 706 750 8070 4411 7447 450 306 9623 7114 1778 7880 832 4357 1217 854 466 3181 1287 4803 4612 2652 6643 872 9564 1014 1626 6683 4484 2250 4956 835 1296 617 186 8936 3817 3930 3467 8621 721 3720 1549 4941 4360 4025 9684 1574 7613 46 1937 3570 649 5453 9872 5069 6470 3279
