939
1 2
2 3
3 4
2 5
1 6
4 7
3 8
8 9
4 10
2 11
5 12
10 13
11 14
5 15
5 16
10 17
8 18
9 19
16 20
18 21
20 22
10 23
2 24
7 25
3 26
1 27
25 28
26 29
18 30
12 31
17 32
31 33
12 34
16 35
33 36
31 37
12 38
11 39
16 40
18 41
9 42
8 43
13 44
35 45
40 46
16 47
27 48
38 49
1 50
31 51
12 52
36 53
44 54
30 55
19 56
1 57
36 58
34 59
31 60
47 61
28 62
9 63
11 64
25 65
50 66
20 67
34 68
25 69
60 70
42 71
28 72
37 73
44 74
62 75
50 76
51 77
30 78
10 79
2 80
54 81
3 82
27 83
48 84
59 85
20 86
86 87
25 88
65 89
81 90
89 91
29 92
42 93
23 94
74 95
87 96
55 97
53 98
45 99
24 100
47 101
67 102
84 103
17 104
98 105
78 106
53 107
40 108
11 109
39 110
44 111
50 112
17 113
76 114
22 115
104 116
47 117
81 118
45 119
35 120
76 121
100 122
13 123
61 124
104 125
54 126
6 127
22 128
110 129
92 130
113 131
39 132
99 133
124 134
76 135
135 136
37 137
101 138
41 139
125 140
63 141
19 142
120 143
86 144
137 145
54 146
81 147
27 148
80 149
99 150
115 151
37 152
49 153
74 154
127 155
89 156
150 157
104 158
33 159
49 160
72 161
152 162
118 163
139 164
37 165
55 166
39 167
28 168
144 169
52 170
76 171
25 172
23 173
11 174
36 175
125 176
25 177
22 178
82 179
56 180
78 181
25 182
176 183
104 184
81 185
67 186
84 187
91 188
58 189
111 190
99 191
100 192
48 193
49 194
93 195
132 196
188 197
83 198
24 199
142 200
39 201
185 202
119 203
192 204
115 205
97 206
151 207
142 208
30 209
184 210
70 211
189 212
98 213
117 214
77 215
112 216
100 217
29 218
203 219
109 220
155 221
63 222
125 223
78 224
103 225
36 226
28 227
132 228
3 229
148 230
43 231
86 232
225 233
212 234
157 235
196 236
63 237
218 238
68 239
124 240
7 241
60 242
218 243
146 244
108 245
242 246
16 247
184 248
109 249
147 250
108 251
176 252
197 253
54 254
101 255
75 256
72 257
41 258
43 259
93 260
219 261
35 262
90 263
162 264
251 265
222 266
222 267
125 268
193 269
115 270
198 271
171 272
89 273
41 274
236 275
126 276
10 277
163 278
179 279
269 280
18 281
263 282
188 283
227 284
264 285
246 286
209 287
104 288
151 289
139 290
36 291
37 292
215 293
283 294
64 295
185 296
192 297
259 298
171 299
272 300
288 301
51 302
172 303
3 304
159 305
187 306
39 307
287 308
208 309
229 310
140 311
256 312
221 313
187 314
244 315
193 316
302 317
294 318
167 319
259 320
307 321
220 322
143 323
212 324
82 325
166 326
233 327
154 328
311 329
205 330
188 331
213 332
292 333
83 334
273 335
327 336
313 337
224 338
22 339
209 340
318 341
1 342
103 343
94 344
314 345
258 346
82 347
273 348
230 349
25 350
66 351
200 352
167 353
215 354
307 355
31 356
288 357
50 358
62 359
67 360
154 361
301 362
312 363
137 364
364 365
19 366
348 367
364 368
356 369
368 370
228 371
146 372
191 373
163 374
175 375
1 376
38 377
2 378
334 379
60 380
116 381
285 382
18 383
99 384
121 385
264 386
106 387
13 388
7 389
143 390
161 391
264 392
78 393
393 394
286 395
347 396
31 397
202 398
294 399
215 400
178 401
45 402
166 403
216 404
206 405
398 406
211 407
145 408
162 409
320 410
159 411
134 412
185 413
141 414
221 415
180 416
73 417
325 418
121 419
303 420
108 421
360 422
86 423
319 424
233 425
76 426
311 427
388 428
85 429
274 430
215 431
165 432
47 433
413 434
246 435
73 436
133 437
108 438
324 439
313 440
138 441
113 442
391 443
61 444
323 445
256 446
187 447
277 448
64 449
434 450
21 451
58 452
74 453
47 454
137 455
332 456
185 457
318 458
91 459
314 460
81 461
279 462
173 463
360 464
63 465
44 466
384 467
398 468
459 469
441 470
393 471
267 472
435 473
120 474
226 475
35 476
209 477
220 478
213 479
24 480
8 481
462 482
237 483
238 484
31 485
478 486
218 487
396 488
251 489
164 490
360 491
120 492
202 493
265 494
118 495
473 496
277 497
391 498
90 499
96 500
307 501
89 502
180 503
21 504
308 505
373 506
403 507
42 508
97 509
393 510
373 511
492 512
76 513
449 514
105 515
122 516
418 517
463 518
258 519
214 520
72 521
430 522
287 523
48 524
79 525
353 526
11 527
453 528
496 529
315 530
53 531
512 532
345 533
391 534
363 535
490 536
201 537
497 538
473 539
74 540
456 541
15 542
72 543
447 544
33 545
334 546
350 547
169 548
336 549
307 550
109 551
8 552
202 553
143 554
213 555
431 556
224 557
552 558
402 559
489 560
125 561
472 562
172 563
154 564
498 565
121 566
211 567
73 568
485 569
45 570
422 571
159 572
153 573
492 574
499 575
341 576
98 577
384 578
203 579
404 580
40 581
517 582
263 583
148 584
124 585
186 586
249 587
119 588
460 589
50 590
285 591
56 592
180 593
179 594
316 595
198 596
210 597
473 598
543 599
214 600
600 601
60 602
115 603
236 604
527 605
60 606
517 607
153 608
255 609
419 610
415 611
111 612
3 613
130 614
526 615
131 616
78 617
77 618
259 619
387 620
17 621
14 622
283 623
1 624
239 625
403 626
140 627
195 628
103 629
434 630
194 631
21 632
41 633
330 634
615 635
201 636
150 637
560 638
412 639
89 640
44 641
469 642
483 643
206 644
542 645
288 646
171 647
530 648
433 649
481 650
647 651
555 652
275 653
510 654
295 655
284 656
194 657
254 658
40 659
295 660
63 661
197 662
530 663
219 664
319 665
458 666
470 667
365 668
303 669
78 670
549 671
284 672
172 673
421 674
112 675
623 676
663 677
305 678
133 679
101 680
491 681
164 682
581 683
568 684
217 685
324 686
668 687
611 688
308 689
666 690
175 691
77 692
247 693
665 694
438 695
40 696
330 697
161 698
307 699
106 700
167 701
655 702
4 703
411 704
474 705
294 706
83 707
166 708
104 709
543 710
19 711
433 712
693 713
504 714
387 715
529 716
3 717
439 718
642 719
592 720
117 721
83 722
688 723
123 724
544 725
517 726
222 727
194 728
395 729
164 730
724 731
397 732
340 733
625 734
607 735
444 736
273 737
153 738
104 739
147 740
405 741
637 742
481 743
309 744
591 745
80 746
102 747
222 748
354 749
502 750
434 751
405 752
118 753
504 754
523 755
79 756
563 757
70 758
640 759
295 760
726 761
423 762
439 763
740 764
128 765
162 766
608 767
246 768
564 769
728 770
635 771
684 772
419 773
722 774
675 775
232 776
420 777
670 778
436 779
532 780
665 781
355 782
248 783
540 784
621 785
510 786
26 787
771 788
81 789
258 790
159 791
95 792
48 793
212 794
38 795
486 796
290 797
220 798
246 799
118 800
279 801
477 802
606 803
419 804
55 805
6 806
151 807
118 808
464 809
642 810
77 811
151 812
44 813
8 814
532 815
301 816
379 817
297 818
241 819
292 820
153 821
8 822
407 823
331 824
70 825
272 826
466 827
757 828
262 829
178 830
472 831
682 832
159 833
306 834
208 835
833 836
117 837
21 838
548 839
121 840
701 841
613 842
646 843
107 844
645 845
196 846
613 847
220 848
831 849
505 850
584 851
659 852
3 853
749 854
683 855
250 856
765 857
107 858
494 859
141 860
475 861
786 862
586 863
828 864
592 865
396 866
238 867
691 868
744 869
579 870
578 871
703 872
400 873
833 874
655 875
816 876
388 877
626 878
653 879
298 880
516 881
857 882
329 883
119 884
327 885
36 886
745 887
743 888
596 889
240 890
836 891
730 892
889 893
629 894
74 895
587 896
883 897
454 898
815 899
712 900
109 901
245 902
117 903
235 904
689 905
214 906
94 907
467 908
400 909
407 910
647 911
18 912
77 913
15 914
218 915
160 916
251 917
68 918
143 919
27 920
543 921
678 922
507 923
390 924
868 925
186 926
220 927
268 928
239 929
840 930
17 931
158 932
781 933
443 934
425 935
633 936
755 937
841 938
497 939
2306 8853 3184 8723 9380 8416 9430 1108 76 1058 4133 9863 8034 5199 6222 4590 9002 9572 2968 6760 8841 1626 3086 5817 2779 7591 9374 9021 1895 2435 7093 4570 4455 885 4679 8763 7427 1713 71 5427 7841 3678 8485 3780 5592 2002 5930 364 2786 9018 8583 8815 425 3588 8833 3468 8938 6262 5169 4513 5978 4943 8082 5179 8454 2291 3613 5423 7763 6866 413 6815 9265 3091 3192 148 9444 6896 540 3764 9782 6677 4971 4023 2794 7585 7192 314 3255 7701 7047 3837 930 7904 8085 7281 7273 7384 5084 5472 5655 9606 5497 8301 4195 9060 7061 8522 2501 4537 3463 3773 399 3100 7719 9392 6248 7051 9247 9051 1286 2057 7948 3039 5045 9526 6271 917 3737 4977 3110 5538 1346 2558 1998 1488 947 2613 58 8865 2199 7110 5980 72 5616 3052 6127 9118 4640 8553 1907 9671 5908 5219 6830 5628 7271 5084 128 4106 5611 3224 1922 6757 4849 5732 967 3977 3708 9170 7505 3593 1773 9260 3909 8108 5624 6234 7279 4862 5881 8299 9047 5188 4005 9372 7205 7882 5563 4836 2747 6325 4127 605 3458 5869 9336 9972 8628 1564 9777 7254 5914 1430 8664 382 1119 7704 1630 8322 5387 9620 4582 9304 4295 837 3226 8516 8440 191 7471 2471 7411 3964 9735 9452 5903 8451 6542 5082 5624 7857 9926 5153 2280 9650 8540 2059 8665 1465 8026 5100 9083 7825 831 2032 5281 1075 6753 9591 2272 5656 4972 1114 7399 4866 2684 7258 1773 8298 5623 433 2162 9778 5642 3068 380 8508 9116 2941 7896 1415 26 4866 2964 8211 4499 2044 4670 5429 9971 6810 5775 1965 2522 9845 6907 4382 5206 4360 6617 7834 5214 5492 7317 7870 5015 3767 2962 5952 8193 6035 5552 1714 7935 532 1426 7743 4968 3195 2108 826 2945 1572 2662 867 6458 3288 4337 8339 3744 2607 1533 6057 1878 921 3844 3057 1314 8618 8178 6143 3070 9008 8832 7405 5581 3600 7254 8821 3522 2032 2887 213 4117 3720 8297 5905 3955 8363 4011 5789 8781 2189 9239 7173 3177 3229 516 9353 7402 3264 992 1340 3001 9890 8398 684 2092 7056 9025 1934 7263 7342 3802 5610 6492 6339 4410 2123 2415 2947 3776 6857 3981 3807 2061 9901 6624 1600 2680 2083 7398 9148 6724 7899 4767 1578 5504 4279 145 8102 3856 9491 5727 2733 2783 4335 3534 6117 2041 3064 1437 6343 9660 795 8111 9 834 1926 9156 6341 7671 3223 1613 4989 6315 5128 9463 6123 7494 1810 6725 8307 430 2952 6861 9106 4838 7718 3630 6549 4321 3055 1724 9558 9752 4399 5027 91 77 615 2330 5362 6520 9021 2558 711 7009 6521 9489 4899 5788 5217 6830 5025 3698 8152 3650 5987 7347 4358 2734 2302 1039 4791 7607 9235 8841 9962 8701 3943 6142 4957 5027 6197 1597 3444 3352 3433 5056 7385 7181 2542 5562 4072 461 4782 3774 8268 4363 455 2837 4703 4000 5345 7856 3891 4622 2292 1578 1021 455 4170 8889 6878 3289 3913 2850 9466 3050 6566 6483 4844 2522 8974 7208 9305 4395 4379 1001 3270 4817 8335 9128 5967 1439 3762 5046 7842 4203 2463 7786 1928 2027 4640 2433 6320 4137 6573 4623 9193 8864 7853 6833 2622 4817 8742 8670 2051 4157 5960 2054 8443 6374 8699 5766 7483 8149 4572 5856 2265 6878 277 2428 7102 6317 5823 5378 1059 2940 2120 6000 1170 5657 1077 2105 6405 6623 435 874 8741 7501 9486 8762 7103 7356 3171 8659 3254 5108 3383 8471 6659 1239 8117 740 2804 9889 104 7213 6011 4066 2798 8107 9036 5661 270 1859 3085 541 4902 7285 6152 7770 353 6769 5340 3846 3105 7214 5957 9421 2601 6265 1712 9743 5792 7679 9593 2780 6621 7390 4753 4468 8233 8671 8477 3372 8469 2860 81 5505 6068 671 7910 392 4104 5851 8874 2640 4832 6566 5588 6968 9727 8085 2528 3346 9951 7671 64 143 9190 4986 3511 6528 777 527 1494 3500 1666 3092 5237 2233 2930 615 7094 8419 3824 9371 8645 5680 7694 6858 1989 8928 4698 5767 7043 1453 2545 1825 7266 7072 2278 6550 1807 2647 3323 7014 664 9797 6290 9922 6646 6921 3654 3955 544 1749 1818 6824 9663 6581 6545 1094 868 7469 3756 8053 4793 9757 5577 1157 4845 4016 2786 3137 8901 7722 1797 73 1205 9077 4826 2444 7139 8653 5163 4415 9966 5926 1627 8530 2482 9545 9245 321 7504 375 2986 6112 2157 1401 9054 4631 7553 4455 6967 5538 9664 9067 6970 6355 3771 9335 6681 6456 2760 2184 6516 7643 1184 1659 1469 3652 1700 6409 3628 6662 6549 8838 5414 4967 3904 597 4315 5806 7075 8615 6774 2605 7604 9980 743 9810 5421 9513 1039 7552 9737 969 1891 5790 900 9668 4187 1955 6377 9564 9207 4760 2901 973 5813 4734 2410 1039 3176 7463 4523 7348 2693 1019 7545 8129 5452 394 6710 3044 7832 3813 7613 4724 3308 2606 4323 3800 2953 263 5776 4544 9409 1192 2755 6081 5485 793 8700 6800 1938 882 5801 2377 9978 3480 5444 4995 9006 2363 6147 4316 2854 1549 22 9547 4619 4569 6517 4089 749 8169 9738 5022 8344 1349 840 3780 8000 5521 8342 6729 8205 4294 2966 5690 9903 2223 6253 3611 1066 5417 7565 8374 4202 7165 1964 1508 4623 490 7852 3160 8647 1787 9059 3902 6441 9457 1528 8837 8858 4001 4107 8465 4767 8580 4375 7395 8215 9024 2093 7420 7027 4210 4350 9754 6543 295
