81
1 2
1 3
2 4
4 5
1 6
4 7
4 8
3 9
1 10
10 11
3 12
8 13
5 14
7 15
12 16
11 17
15 18
5 19
13 20
1 21
7 22
4 23
11 24
19 25
9 26
6 27
24 28
8 29
18 30
5 31
28 32
1 33
31 34
15 35
14 36
2 37
20 38
13 39
38 40
13 41
19 42
18 43
16 44
10 45
1 46
17 47
24 48
1 49
43 50
41 51
7 52
26 53
26 54
27 55
22 56
50 57
54 58
58 59
32 60
45 61
5 62
37 63
27 64
32 65
64 66
51 67
4 68
57 69
33 70
57 71
71 72
7 73
32 74
39 75
49 76
43 77
47 78
12 79
37 80
19 81
7277 3999 5068 3383 6174 6347 4065 4355 1479 8852 6477 436 2803 226 8175 1142 9497 919 4792 6791 1076 2127 7460 1574 2332 210 2331 8390 6782 1526 2622 2285 9590 7882 2807 6452 5871 7325 1736 4763 147 1154 420 6695 6470 3668 3812 1739 5444 1816 2574 878 6962 9792 4171 9867 2618 926 6897 1432 4609 666 4900 4110 4283 603 7128 7610 7718 1678 723 7026 633 9338 9348 9893 2838 6383 388 6827 8449
