874
1 2
2 3
3 4
1 5
5 6
5 7
1 8
1 9
7 10
9 11
11 12
1 13
8 14
6 15
14 16
3 17
2 18
6 19
1 20
2 21
18 22
20 23
7 24
12 25
1 26
18 27
25 28
11 29
27 30
6 31
13 32
2 33
6 34
34 35
5 36
36 37
27 38
10 39
28 40
19 41
30 42
36 43
32 44
2 45
39 46
1 47
38 48
15 49
39 50
37 51
8 52
32 53
39 54
26 55
1 56
40 57
44 58
43 59
18 60
32 61
10 62
22 63
38 64
56 65
20 66
62 67
52 68
18 69
2 70
31 71
43 72
72 73
6 74
33 75
44 76
23 77
50 78
43 79
51 80
13 81
49 82
78 83
8 84
50 85
65 86
39 87
44 88
53 89
40 90
4 91
91 92
7 93
29 94
4 95
61 96
78 97
29 98
89 99
13 100
78 101
18 102
101 103
57 104
61 105
31 106
32 107
60 108
101 109
15 110
53 111
65 112
23 113
17 114
95 115
55 116
4 117
96 118
104 119
25 120
29 121
65 122
117 123
35 124
81 125
52 126
81 127
2 128
124 129
129 130
13 131
77 132
70 133
126 134
16 135
36 136
91 137
98 138
112 139
65 140
72 141
58 142
86 143
82 144
105 145
1 146
65 147
102 148
86 149
118 150
34 151
6 152
100 153
149 154
73 155
143 156
52 157
38 158
83 159
62 160
96 161
95 162
34 163
142 164
60 165
140 166
73 167
34 168
19 169
32 170
115 171
61 172
119 173
18 174
103 175
123 176
142 177
43 178
84 179
172 180
81 181
110 182
69 183
15 184
3 185
74 186
23 187
79 188
116 189
136 190
128 191
117 192
45 193
9 194
5 195
97 196
80 197
157 198
131 199
77 200
61 201
78 202
189 203
31 204
18 205
40 206
68 207
77 208
24 209
164 210
111 211
196 212
65 213
101 214
117 215
201 216
104 217
196 218
24 219
130 220
14 221
117 222
140 223
77 224
53 225
147 226
58 227
75 228
66 229
71 230
2 231
173 232
89 233
210 234
230 235
99 236
197 237
124 238
107 239
210 240
174 241
141 242
144 243
49 244
116 245
76 246
43 247
28 248
63 249
53 250
182 251
30 252
34 253
146 254
175 255
77 256
248 257
239 258
56 259
51 260
243 261
204 262
167 263
191 264
93 265
82 266
141 267
5 268
119 269
157 270
132 271
177 272
157 273
100 274
96 275
82 276
161 277
98 278
35 279
153 280
50 281
143 282
141 283
34 284
55 285
98 286
167 287
213 288
51 289
67 290
203 291
130 292
164 293
124 294
265 295
158 296
138 297
221 298
100 299
105 300
169 301
241 302
43 303
182 304
32 305
230 306
9 307
285 308
33 309
20 310
38 311
282 312
217 313
84 314
48 315
41 316
288 317
209 318
149 319
240 320
119 321
269 322
111 323
4 324
72 325
172 326
10 327
132 328
121 329
255 330
232 331
286 332
125 333
211 334
184 335
265 336
164 337
10 338
205 339
33 340
5 341
245 342
198 343
133 344
230 345
73 346
123 347
281 348
153 349
228 350
91 351
315 352
321 353
60 354
246 355
122 356
179 357
236 358
351 359
55 360
186 361
21 362
259 363
311 364
150 365
76 366
167 367
170 368
82 369
250 370
265 371
214 372
158 373
274 374
358 375
306 376
315 377
229 378
157 379
73 380
141 381
129 382
192 383
238 384
357 385
56 386
97 387
221 388
209 389
20 390
64 391
339 392
14 393
285 394
376 395
31 396
334 397
43 398
117 399
290 400
48 401
250 402
18 403
175 404
323 405
359 406
276 407
84 408
387 409
167 410
366 411
121 412
145 413
1 414
310 415
98 416
335 417
261 418
412 419
226 420
185 421
345 422
64 423
292 424
58 425
306 426
107 427
233 428
4 429
122 430
156 431
335 432
31 433
333 434
138 435
56 436
185 437
120 438
17 439
67 440
349 441
193 442
416 443
83 444
187 445
172 446
84 447
305 448
359 449
368 450
182 451
179 452
163 453
338 454
183 455
228 456
236 457
234 458
322 459
444 460
32 461
356 462
216 463
197 464
19 465
402 466
64 467
385 468
402 469
14 470
449 471
148 472
49 473
59 474
153 475
34 476
92 477
459 478
132 479
191 480
206 481
58 482
319 483
348 484
341 485
138 486
109 487
16 488
80 489
134 490
14 491
358 492
107 493
302 494
325 495
360 496
354 497
301 498
87 499
21 500
461 501
179 502
290 503
100 504
385 505
289 506
246 507
106 508
355 509
127 510
215 511
200 512
155 513
476 514
316 515
35 516
91 517
177 518
332 519
448 520
346 521
414 522
324 523
138 524
281 525
412 526
124 527
233 528
228 529
367 530
347 531
207 532
465 533
300 534
472 535
329 536
174 537
533 538
142 539
288 540
434 541
200 542
68 543
214 544
92 545
266 546
344 547
12 548
29 549
472 550
415 551
241 552
407 553
138 554
324 555
91 556
165 557
352 558
45 559
97 560
352 561
354 562
36 563
346 564
514 565
163 566
70 567
311 568
298 569
303 570
161 571
434 572
293 573
355 574
95 575
514 576
517 577
33 578
283 579
429 580
126 581
539 582
3 583
259 584
253 585
362 586
261 587
29 588
257 589
458 590
459 591
544 592
488 593
220 594
232 595
402 596
307 597
472 598
57 599
455 600
43 601
497 602
470 603
420 604
353 605
403 606
127 607
93 608
583 609
162 610
544 611
255 612
365 613
486 614
232 615
208 616
47 617
260 618
467 619
546 620
40 621
582 622
498 623
582 624
146 625
69 626
218 627
545 628
585 629
200 630
226 631
66 632
254 633
396 634
571 635
558 636
305 637
325 638
89 639
544 640
362 641
377 642
421 643
156 644
442 645
543 646
46 647
415 648
49 649
143 650
30 651
216 652
469 653
362 654
446 655
368 656
612 657
368 658
255 659
64 660
441 661
345 662
488 663
566 664
223 665
392 666
507 667
524 668
16 669
464 670
254 671
356 672
252 673
94 674
103 675
595 676
359 677
636 678
44 679
242 680
347 681
79 682
125 683
572 684
142 685
72 686
431 687
638 688
461 689
81 690
180 691
229 692
191 693
559 694
342 695
303 696
113 697
466 698
615 699
46 700
530 701
86 702
247 703
414 704
455 705
681 706
556 707
656 708
226 709
273 710
336 711
378 712
226 713
311 714
370 715
591 716
375 717
502 718
136 719
293 720
240 721
309 722
535 723
604 724
481 725
572 726
237 727
240 728
256 729
510 730
489 731
619 732
667 733
377 734
292 735
680 736
647 737
710 738
296 739
554 740
111 741
479 742
331 743
365 744
218 745
279 746
445 747
189 748
241 749
156 750
515 751
550 752
333 753
458 754
351 755
207 756
708 757
469 758
545 759
103 760
370 761
625 762
725 763
308 764
310 765
99 766
297 767
7 768
206 769
170 770
39 771
556 772
58 773
300 774
36 775
735 776
447 777
206 778
200 779
310 780
658 781
432 782
666 783
497 784
408 785
769 786
117 787
253 788
86 789
664 790
160 791
230 792
87 793
310 794
730 795
147 796
267 797
468 798
554 799
643 800
455 801
30 802
430 803
447 804
99 805
38 806
211 807
385 808
666 809
267 810
771 811
677 812
473 813
618 814
451 815
434 816
687 817
610 818
1 819
133 820
618 821
361 822
618 823
362 824
126 825
296 826
700 827
532 828
328 829
668 830
324 831
12 832
121 833
789 834
128 835
404 836
696 837
69 838
563 839
376 840
182 841
807 842
614 843
775 844
494 845
628 846
681 847
93 848
383 849
155 850
558 851
438 852
625 853
388 854
795 855
375 856
772 857
229 858
270 859
727 860
150 861
368 862
188 863
32 864
673 865
589 866
101 867
354 868
842 869
195 870
267 871
735 872
782 873
6 874
6871 4433 9336 8900 2177 6034 4242 4520 7284 8328 694 1886 3709 6222 1278 8723 5107 4903 1031 782 8663 5261 3553 3477 2745 4757 5573 2365 8844 8047 9747 592 8394 583 1044 3433 3230 4872 3253 5838 7321 3610 9293 6719 3740 7900 9630 7264 5987 5241 5709 3070 9685 3380 7659 1717 345 5742 1315 6439 7101 2191 2910 205 4880 2222 7195 3296 948 9998 8559 6176 4152 2478 352 2460 725 412 9731 3790 3168 3345 2315 2311 3309 2222 3003 7144 2603 2288 928 9124 7465 3794 7767 3622 863 2493 4024 3024 8205 5936 2254 1032 8455 5145 1989 645 2861 2598 7248 4745 8780 5708 652 9613 6559 3657 4435 6041 3351 4452 6717 7606 3927 5189 744 1711 3207 1800 6354 2023 220 6168 4810 1781 1741 3893 701 5712 6572 5831 1554 6387 2706 6550 2243 307 5370 7434 2622 4284 6111 885 9319 5839 8706 6324 9319 1823 2014 6551 6981 4223 1609 5115 682 5016 8332 6089 3031 6551 3422 2478 7385 9854 6725 827 4844 6104 6843 4815 4630 9726 994 2062 8976 7970 5618 4983 2053 5423 1563 3390 2474 3457 5584 2735 2586 9331 2669 3013 3828 5768 596 3137 5567 8666 2991 7134 1361 1301 1603 365 3006 7006 6935 8740 6575 8690 6637 8480 7605 6210 2237 4824 3530 9126 146 5988 1738 5369 5154 610 5063 7672 7142 4495 5075 8192 719 7211 529 4774 603 1580 4697 8464 1044 5938 1513 5268 4188 9367 433 7642 24 990 2830 6341 5467 3239 9258 9918 1160 9111 4783 4600 2871 7380 9492 9470 2163 8516 3460 6958 6349 9512 9207 6 5441 7791 1792 8732 6287 6256 3592 2887 6633 6538 3003 1279 3077 2520 2423 5374 5859 4032 4373 1763 5277 9000 8247 6204 9670 6403 5982 3237 3765 5139 3819 7798 7558 4136 847 6691 2868 2494 8417 3549 922 5639 9549 2200 5449 5476 8655 6664 7694 1665 6838 4862 6127 858 9791 5352 6993 5084 9940 447 793 2514 3137 9876 6161 3576 4482 3214 2052 6822 9072 8469 4863 9288 2922 4263 8479 7078 2458 7216 743 5261 4933 4046 8199 5680 6087 3642 4101 9600 166 1894 7362 7195 5479 1369 8069 3951 654 2687 4256 6200 7257 1085 7358 84 7702 505 6712 4683 8679 7259 8711 7337 3749 6264 75 3346 2715 3905 800 7232 1965 9439 6213 1088 3698 6600 3980 3225 2852 1796 7071 1703 4387 5961 6169 8698 751 2180 917 6758 7837 89 9992 7315 3585 5437 5683 7933 100 9129 322 6279 5533 2859 6110 2335 4180 1325 5665 7879 2951 2384 5256 1633 8293 7905 4054 9774 5701 4052 9599 5534 1601 64 2904 7149 6095 6599 3782 4623 3712 8089 6800 8609 1572 7767 6408 7539 7899 863 2384 2744 8280 4337 8629 9509 2503 9820 8164 2459 792 3714 3717 3257 277 779 9096 9840 2965 8715 1845 7765 6727 8331 7158 9194 2195 7762 1709 9362 1262 8498 5819 3905 4414 5338 1982 8707 1645 3761 9709 1043 4959 7196 1312 90 6865 4916 4219 6683 4268 6103 185 9724 7318 9122 1112 8740 9126 1358 2457 9761 3033 9322 7140 9054 5392 8268 6655 2290 5099 1963 3675 9080 7054 7355 9569 7467 9750 1950 4653 8577 5650 2143 740 8149 7612 841 9012 527 7784 5734 5885 1269 4132 4774 8318 1498 6988 8555 1260 5385 4735 4108 7228 8941 2835 3554 3334 7294 9880 5439 7277 660 7189 9158 8943 7016 9544 5618 7913 4037 1929 7724 1372 7451 9361 7951 9418 3149 6699 4550 1093 7899 7200 649 3970 4691 6999 9149 3291 5989 9738 6761 7139 293 8593 4852 6714 9993 1352 1404 7596 554 93 2709 4128 3727 5107 8899 4147 758 3501 708 7212 4019 4200 4233 2786 361 78 6334 6576 9696 1949 7792 541 721 6040 3349 5135 3340 6628 6045 5879 8864 8541 1206 3205 7873 2283 3895 5730 5662 7783 1725 7515 5610 1011 8953 4994 1167 520 2456 8197 8358 3654 3056 2919 9080 2362 9987 7964 9359 2462 2296 6366 6121 3086 3206 4302 9126 895 1795 3887 6778 1050 8185 6830 8232 4564 957 2881 3644 3411 8876 112 5157 7290 3713 3453 2088 9206 8005 3097 885 4460 6356 8714 8594 8059 8549 5921 8617 3595 6616 8599 4077 5363 2472 3557 8181 3936 93 6786 9816 7733 2976 1838 8273 6804 5931 7647 4694 3443 8626 82 1511 599 9390 6045 151 596 1642 6951 5972 5996 9294 7599 2611 2477 309 7280 8208 9270 899 7255 8418 4974 6794 8258 8533 9528 1934 8719 7835 6921 5150 7185 4974 78 3134 3252 7755 3611 2108 9608 1094 8640 2817 801 7566 3121 8032 1844 6342 6527 548 1214 3760 5020 8654 1648 3433 2868 6844 8841 1306 2531 7831 3896 1608 2837 8205 4393 2138 4555 2832 8143 2475 2609 9911 6531 2771 9786 9970 5398 7956 6745 5284 268 9768 6339 5712 1562 7109 7315 5657 48 5554 990 5824 7125 2108 5694 4944 5711 9126 2699 7078 4779 7979 5161 3252 5184 6488 1987 8599 9000 7523 6285 5802 2178 9566 4807 1083 3116 9597 9910 6727 873 2242
