933
1 2
2 3
1 4
3 5
3 6
4 7
2 8
8 9
8 10
3 11
6 12
3 13
11 14
13 15
13 16
10 17
16 18
13 19
4 20
3 21
20 22
11 23
6 24
3 25
19 26
5 27
2 28
24 29
11 30
22 31
7 32
4 33
15 34
17 35
15 36
11 37
1 38
10 39
21 40
5 41
24 42
25 43
16 44
14 45
6 46
29 47
21 48
48 49
38 50
17 51
47 52
26 53
45 54
36 55
39 56
14 57
55 58
19 59
45 60
18 61
58 62
35 63
18 64
12 65
48 66
19 67
58 68
26 69
58 70
52 71
40 72
44 73
60 74
65 75
62 76
19 77
4 78
63 79
20 80
47 81
26 82
61 83
33 84
2 85
55 86
19 87
21 88
65 89
84 90
67 91
87 92
37 93
17 94
72 95
57 96
31 97
9 98
4 99
23 100
61 101
54 102
45 103
34 104
75 105
59 106
51 107
34 108
108 109
1 110
71 111
61 112
58 113
89 114
48 115
28 116
54 117
3 118
15 119
24 120
26 121
112 122
95 123
84 124
25 125
112 126
4 127
110 128
107 129
28 130
41 131
99 132
97 133
44 134
102 135
135 136
127 137
41 138
96 139
41 140
8 141
11 142
142 143
83 144
96 145
17 146
13 147
119 148
129 149
145 150
99 151
30 152
141 153
35 154
104 155
67 156
110 157
99 158
58 159
68 160
103 161
90 162
138 163
54 164
112 165
16 166
119 167
11 168
24 169
144 170
119 171
48 172
150 173
55 174
20 175
61 176
68 177
103 178
171 179
82 180
43 181
83 182
132 183
111 184
4 185
131 186
60 187
178 188
152 189
77 190
61 191
15 192
178 193
62 194
110 195
95 196
98 197
125 198
169 199
96 200
109 201
199 202
202 203
27 204
26 205
175 206
97 207
178 208
97 209
175 210
127 211
153 212
178 213
13 214
56 215
145 216
131 217
160 218
79 219
87 220
118 221
167 222
154 223
77 224
58 225
159 226
82 227
178 228
30 229
154 230
91 231
100 232
121 233
151 234
144 235
22 236
111 237
206 238
88 239
229 240
57 241
147 242
22 243
104 244
216 245
109 246
27 247
65 248
125 249
19 250
72 251
206 252
61 253
135 254
83 255
109 256
50 257
231 258
254 259
155 260
152 261
203 262
185 263
195 264
40 265
6 266
47 267
6 268
46 269
123 270
235 271
234 272
224 273
9 274
227 275
143 276
36 277
150 278
80 279
267 280
72 281
33 282
162 283
159 284
146 285
284 286
228 287
258 288
88 289
167 290
92 291
266 292
88 293
43 294
199 295
90 296
208 297
56 298
157 299
236 300
75 301
231 302
215 303
1 304
47 305
293 306
3 307
146 308
63 309
22 310
55 311
116 312
206 313
238 314
8 315
84 316
114 317
241 318
110 319
118 320
250 321
272 322
298 323
264 324
258 325
11 326
326 327
168 328
21 329
285 330
265 331
288 332
94 333
1 334
249 335
3 336
179 337
125 338
297 339
234 340
34 341
264 342
92 343
42 344
294 345
243 346
314 347
258 348
5 349
329 350
294 351
258 352
85 353
252 354
247 355
316 356
140 357
357 358
280 359
110 360
309 361
65 362
236 363
72 364
10 365
247 366
75 367
276 368
36 369
337 370
169 371
152 372
137 373
151 374
234 375
187 376
20 377
41 378
144 379
351 380
347 381
19 382
352 383
288 384
269 385
244 386
338 387
13 388
283 389
369 390
290 391
142 392
97 393
54 394
366 395
187 396
359 397
133 398
254 399
335 400
62 401
391 402
291 403
402 404
276 405
181 406
30 407
377 408
115 409
385 410
29 411
211 412
272 413
391 414
35 415
227 416
192 417
380 418
403 419
314 420
398 421
185 422
199 423
223 424
87 425
282 426
187 427
117 428
76 429
256 430
365 431
182 432
193 433
62 434
143 435
118 436
289 437
310 438
245 439
393 440
234 441
167 442
327 443
290 444
365 445
383 446
427 447
397 448
76 449
212 450
338 451
358 452
8 453
444 454
217 455
96 456
58 457
324 458
261 459
2 460
331 461
353 462
131 463
131 464
265 465
49 466
343 467
309 468
201 469
48 470
66 471
296 472
124 473
278 474
196 475
35 476
210 477
398 478
457 479
341 480
23 481
358 482
192 483
443 484
263 485
349 486
349 487
297 488
133 489
165 490
384 491
71 492
122 493
493 494
265 495
407 496
386 497
105 498
135 499
114 500
416 501
443 502
73 503
77 504
364 505
342 506
136 507
290 508
213 509
122 510
386 511
379 512
405 513
185 514
335 515
28 516
82 517
444 518
145 519
256 520
477 521
459 522
521 523
523 524
175 525
439 526
209 527
364 528
339 529
498 530
439 531
212 532
257 533
324 534
44 535
399 536
78 537
216 538
211 539
191 540
64 541
213 542
442 543
433 544
312 545
207 546
143 547
439 548
443 549
500 550
163 551
329 552
500 553
158 554
531 555
119 556
487 557
160 558
415 559
287 560
483 561
511 562
10 563
128 564
290 565
159 566
444 567
179 568
11 569
438 570
162 571
249 572
161 573
129 574
360 575
556 576
354 577
189 578
272 579
282 580
119 581
70 582
270 583
211 584
171 585
395 586
506 587
269 588
94 589
289 590
145 591
549 592
355 593
45 594
58 595
165 596
192 597
35 598
307 599
188 600
369 601
494 602
400 603
35 604
252 605
475 606
21 607
555 608
500 609
33 610
339 611
66 612
55 613
65 614
10 615
481 616
433 617
81 618
311 619
272 620
549 621
77 622
275 623
304 624
347 625
106 626
525 627
547 628
403 629
553 630
3 631
257 632
293 633
87 634
110 635
11 636
145 637
272 638
302 639
286 640
286 641
144 642
434 643
544 644
581 645
202 646
592 647
625 648
367 649
409 650
475 651
252 652
78 653
496 654
345 655
73 656
132 657
158 658
131 659
366 660
240 661
456 662
572 663
32 664
86 665
40 666
295 667
635 668
212 669
571 670
605 671
534 672
41 673
247 674
576 675
410 676
83 677
41 678
421 679
280 680
241 681
568 682
444 683
82 684
282 685
176 686
75 687
19 688
7 689
425 690
70 691
105 692
395 693
504 694
623 695
500 696
88 697
495 698
640 699
60 700
64 701
688 702
229 703
309 704
3 705
212 706
668 707
575 708
504 709
50 710
573 711
438 712
447 713
356 714
385 715
248 716
153 717
699 718
251 719
272 720
596 721
606 722
690 723
156 724
496 725
676 726
103 727
486 728
187 729
627 730
530 731
189 732
294 733
512 734
637 735
217 736
178 737
578 738
526 739
389 740
683 741
317 742
394 743
643 744
81 745
81 746
427 747
717 748
484 749
35 750
253 751
535 752
75 753
422 754
531 755
685 756
591 757
746 758
437 759
206 760
3 761
464 762
568 763
541 764
751 765
277 766
97 767
207 768
630 769
103 770
435 771
104 772
318 773
458 774
413 775
128 776
208 777
2 778
32 779
684 780
757 781
402 782
392 783
361 784
137 785
187 786
559 787
417 788
708 789
65 790
649 791
336 792
139 793
769 794
26 795
80 796
513 797
233 798
83 799
516 800
423 801
318 802
657 803
656 804
395 805
373 806
166 807
463 808
348 809
342 810
543 811
726 812
334 813
800 814
792 815
4 816
310 817
648 818
422 819
182 820
565 821
738 822
467 823
148 824
262 825
433 826
800 827
318 828
32 829
249 830
632 831
548 832
87 833
4 834
223 835
337 836
826 837
572 838
280 839
213 840
739 841
629 842
200 843
312 844
365 845
548 846
467 847
485 848
430 849
256 850
566 851
399 852
814 853
7 854
687 855
351 856
349 857
260 858
87 859
831 860
337 861
501 862
706 863
206 864
307 865
610 866
444 867
644 868
118 869
657 870
238 871
317 872
573 873
312 874
262 875
476 876
592 877
361 878
263 879
752 880
40 881
166 882
423 883
543 884
484 885
424 886
20 887
475 888
522 889
680 890
821 891
192 892
256 893
432 894
353 895
277 896
182 897
134 898
140 899
854 900
697 901
604 902
533 903
719 904
75 905
297 906
894 907
158 908
774 909
692 910
137 911
508 912
864 913
710 914
608 915
120 916
281 917
860 918
384 919
86 920
270 921
853 922
598 923
443 924
795 925
785 926
53 927
589 928
686 929
417 930
665 931
375 932
899 933
7416 4622 5257 3774 9927 7575 6618 3559 4955 328 1812 1533 4063 8473 1718 3812 6622 4853 7907 4936 1098 9617 6304 3635 5889 9487 1486 6547 5704 5305 7713 4504 1765 674 6869 2915 4324 9956 6958 4266 1988 4989 9655 1299 387 9355 7746 7931 7257 6870 9853 4793 4794 9245 7375 1360 3711 8555 4710 7592 7507 8311 5841 4013 1608 1097 1015 8308 6870 1204 2851 9861 8254 787 5438 87 9448 9055 1840 3834 7965 2196 9724 4815 8802 2112 2655 4814 4082 2624 22 9574 107 7427 6334 2750 8817 7789 3318 4400 4770 1250 271 5635 3943 512 7434 1111 2093 4646 2743 1034 8600 6272 6578 5779 2605 8696 1641 1849 4887 7123 5208 2431 7028 4238 6159 6175 8937 6796 5767 9751 3658 6854 2008 8800 4519 7708 6453 1038 5127 1447 4578 8724 210 9100 2916 2070 3136 7576 8563 6494 3812 8776 7231 1132 6146 8899 3770 6076 6293 5733 2052 5964 244 5098 9037 566 836 5337 7171 8565 5710 1970 1424 7436 8175 9219 7754 1432 5427 7902 524 3452 5853 3875 8833 4344 2779 8013 1153 5506 875 2152 2252 9782 3468 5115 5236 1757 7538 2818 982 8167 1933 7813 4288 2689 3641 3979 3613 4394 549 5731 2055 864 970 5975 9444 4401 5781 2863 5773 4652 621 4132 8745 6988 7796 6458 8614 8120 4759 3853 6294 4243 9417 8898 2005 9218 3038 7114 1067 6168 4718 3487 738 4299 4452 5043 6743 9358 6135 7459 6043 6874 971 2221 2250 649 6135 6762 1311 370 7176 5346 4181 9097 1302 9584 6234 9093 2883 5149 668 5530 2666 4430 7428 1211 751 5551 1913 278 2276 9934 8618 2801 3106 3427 7194 215 4646 6734 2019 528 9443 7847 3768 3905 1171 2020 2674 8539 3419 8972 8812 3770 8247 6891 9046 6979 8492 3770 5675 5269 9139 2072 5477 652 6986 3103 1008 6286 32 4523 9196 4316 8630 2538 7954 3113 5364 2861 6997 3289 3855 7788 3822 8341 9100 3208 2675 1881 7743 4374 1118 2642 8415 1455 7082 8659 7145 4032 5814 3694 5823 5560 4764 2225 2115 6276 5675 4164 1343 9845 8810 4192 6894 4341 7353 1053 8273 3553 4332 6373 2550 8685 2218 554 4094 8430 3622 8448 1544 433 61 9747 6764 936 4020 38 6281 8906 5551 3125 3667 4111 217 6334 3222 9127 3841 333 3997 8013 9453 6792 899 3913 1414 7380 4952 1102 6853 9894 245 9789 805 9992 3605 6567 5176 1906 785 9517 1983 7478 3997 2368 4059 1697 4387 5678 9554 847 7069 3472 2873 75 8678 759 4769 1964 9795 1268 1772 5245 9264 3158 166 3513 6531 5275 1293 9083 6346 3837 8224 9183 2257 6442 5532 7099 2158 3881 426 3102 8256 945 2203 1026 6186 7525 6461 6181 227 6642 8740 7415 5407 6727 2132 1643 489 187 1118 9672 9957 1149 882 5734 9088 7472 2926 2257 7352 4204 1194 9668 5686 7384 5305 8592 2500 701 199 4114 4331 8966 6384 3145 7842 9577 1521 2181 517 1331 2137 2847 3231 8686 2990 1934 3169 2900 8744 5270 3729 484 7867 8001 6927 6380 6632 8563 7519 8565 3175 4791 7174 444 359 913 6290 1505 8246 8452 3051 9664 531 9470 9929 5233 8438 4389 2138 1117 4973 8095 2708 9413 3936 1027 5741 5133 7746 2235 1644 7684 9130 3376 5725 8062 8488 4371 5374 787 1219 6108 8228 3060 5706 7391 2278 5610 4280 7331 3426 7059 5891 5854 559 8793 7394 1641 6529 9040 4429 7881 1618 703 3842 498 6827 2081 8486 8194 894 2711 4408 831 7559 7336 8321 6706 6258 2928 8852 9342 2329 5027 5828 8418 2573 6595 7851 2025 4479 9030 4215 7054 293 5263 4131 44 6917 2037 2939 5494 7287 7236 3075 1305 8638 5280 4349 1066 4615 5451 3469 3399 8777 7475 9395 3983 2898 1251 6394 9104 1970 7097 8661 6723 3570 1853 722 4167 2629 542 3158 8524 5913 2937 7801 3290 699 606 2232 6240 6085 1046 4382 4454 6559 9186 8251 478 2105 6354 1927 9340 7314 4091 4807 7024 4532 109 9121 6919 1672 5268 4187 5108 221 1087 2827 9322 7217 9935 4352 2248 2895 5992 91 8457 9395 2975 9898 9045 498 6776 5320 4486 9034 2287 578 5642 6852 9932 2717 1504 5019 2967 1288 7189 3760 2028 9014 5400 9523 7766 651 1185 7681 7190 2576 362 8498 2945 4548 81 5154 8158 8193 4291 6050 5503 8039 9517 8092 3474 9622 1617 948 735 451 6000 9420 344 25 7485 1036 6012 9625 748 6749 4055 8002 4562 5343 6016 631 4034 4947 1186 3188 5234 4449 8417 1449 5648 356 3529 9200 127 9159 3650 7690 6480 4779 3309 5291 3820 9687 5831 3408 6316 7307 7619 3890 9525 1579 3525 8799 5029 4312 529 7704 461 4900 9434 2760 4957 796 2540 4449 5645 6225 7033 2230 5384 9448 4646 3289 4666 1382 4716 8013 9740 8031 4623 6624 79 3460 1914 3391 7117 5047 1258 2792 1270 6748 7910 356 9663 9905 5382 9651 2951 2899 9677 141 1643 91 753 5103 6117 9052 6791 2355 7286 5854 6569 5920 759 6599 9018 5592 480 3056 9482 4646 8351 1912 2290 7577 5589 694 2626 3013 6610 8823 7870 2779 7394 9471 4099 8693 3005 2917 1795 7386 2047 4717 2868 5907 9049 7572 2963 8536 3807 9313 1600 6195 4014 9196 2378 760 265 8128 2292 2325 1207 8035 538 8766 1967 9527 3243 5313 113 7006
