883
1 2
2 3
3 4
2 5
4 6
5 7
2 8
5 9
3 10
4 11
8 12
9 13
10 14
9 15
6 16
16 17
1 18
9 19
2 20
19 21
4 22
11 23
11 24
6 25
24 26
9 27
9 28
16 29
19 30
30 31
23 32
29 33
3 34
11 35
1 36
18 37
36 38
16 39
32 40
21 41
15 42
1 43
17 44
9 45
45 46
15 47
5 48
42 49
9 50
11 51
18 52
20 53
17 54
32 55
43 56
9 57
25 58
40 59
18 60
19 61
13 62
41 63
24 64
47 65
41 66
16 67
34 68
67 69
50 70
69 71
71 72
39 73
21 74
68 75
16 76
36 77
31 78
77 79
17 80
53 81
13 82
2 83
27 84
29 85
35 86
36 87
48 88
86 89
1 90
20 91
88 92
6 93
32 94
46 95
4 96
70 97
58 98
55 99
30 100
82 101
77 102
77 103
24 104
81 105
24 106
69 107
57 108
4 109
16 110
67 111
54 112
92 113
18 114
31 115
8 116
87 117
78 118
35 119
1 120
63 121
19 122
8 123
13 124
40 125
16 126
12 127
110 128
93 129
93 130
72 131
45 132
53 133
94 134
126 135
103 136
61 137
113 138
91 139
48 140
131 141
44 142
104 143
11 144
97 145
55 146
135 147
120 148
81 149
7 150
19 151
4 152
21 153
1 154
72 155
154 156
149 157
61 158
116 159
74 160
21 161
113 162
108 163
110 164
55 165
12 166
115 167
45 168
158 169
103 170
160 171
65 172
140 173
24 174
159 175
98 176
159 177
139 178
38 179
144 180
72 181
171 182
26 183
58 184
150 185
45 186
63 187
50 188
157 189
100 190
137 191
145 192
11 193
12 194
144 195
115 196
114 197
155 198
86 199
162 200
176 201
165 202
155 203
36 204
33 205
171 206
26 207
88 208
111 209
143 210
140 211
84 212
31 213
191 214
183 215
186 216
143 217
200 218
52 219
218 220
108 221
185 222
112 223
183 224
18 225
8 226
195 227
86 228
194 229
211 230
212 231
177 232
129 233
200 234
17 235
124 236
25 237
5 238
22 239
124 240
128 241
20 242
9 243
107 244
145 245
176 246
201 247
133 248
168 249
150 250
87 251
70 252
158 253
128 254
246 255
98 256
251 257
113 258
47 259
182 260
164 261
69 262
125 263
65 264
171 265
97 266
242 267
86 268
204 269
230 270
153 271
95 272
266 273
85 274
252 275
231 276
148 277
242 278
180 279
20 280
80 281
117 282
98 283
154 284
139 285
74 286
205 287
54 288
179 289
242 290
23 291
117 292
192 293
264 294
77 295
175 296
19 297
94 298
270 299
188 300
81 301
152 302
139 303
150 304
211 305
163 306
275 307
218 308
297 309
263 310
282 311
193 312
78 313
29 314
47 315
313 316
116 317
42 318
284 319
91 320
97 321
108 322
284 323
107 324
230 325
57 326
107 327
9 328
287 329
131 330
144 331
163 332
75 333
164 334
313 335
117 336
132 337
64 338
317 339
153 340
211 341
230 342
295 343
39 344
176 345
118 346
341 347
292 348
124 349
2 350
125 351
314 352
337 353
34 354
164 355
47 356
229 357
272 358
305 359
50 360
293 361
191 362
321 363
182 364
106 365
257 366
10 367
346 368
258 369
67 370
138 371
286 372
254 373
186 374
114 375
201 376
35 377
123 378
255 379
186 380
36 381
292 382
109 383
184 384
236 385
201 386
360 387
97 388
75 389
1 390
249 391
67 392
107 393
159 394
114 395
54 396
348 397
328 398
285 399
301 400
231 401
281 402
14 403
155 404
84 405
68 406
88 407
373 408
274 409
358 410
116 411
266 412
109 413
20 414
404 415
352 416
272 417
4 418
269 419
263 420
185 421
300 422
61 423
145 424
360 425
182 426
112 427
135 428
380 429
14 430
247 431
328 432
313 433
273 434
192 435
132 436
168 437
410 438
230 439
280 440
314 441
209 442
240 443
262 444
351 445
175 446
131 447
346 448
386 449
191 450
410 451
406 452
225 453
249 454
100 455
285 456
315 457
15 458
48 459
89 460
121 461
49 462
286 463
22 464
457 465
271 466
25 467
439 468
206 469
274 470
88 471
131 472
226 473
134 474
118 475
31 476
113 477
217 478
194 479
327 480
289 481
436 482
221 483
403 484
391 485
190 486
372 487
447 488
406 489
244 490
120 491
145 492
205 493
158 494
289 495
458 496
166 497
416 498
383 499
68 500
224 501
240 502
458 503
136 504
109 505
335 506
53 507
273 508
196 509
405 510
109 511
194 512
195 513
465 514
239 515
312 516
247 517
222 518
263 519
19 520
460 521
225 522
337 523
113 524
462 525
131 526
450 527
406 528
19 529
260 530
514 531
80 532
350 533
140 534
509 535
5 536
164 537
305 538
405 539
325 540
41 541
355 542
118 543
147 544
177 545
7 546
522 547
290 548
96 549
27 550
3 551
168 552
252 553
184 554
473 555
1 556
119 557
60 558
296 559
45 560
230 561
188 562
535 563
163 564
39 565
200 566
162 567
233 568
14 569
385 570
274 571
259 572
271 573
461 574
480 575
461 576
279 577
471 578
96 579
142 580
571 581
165 582
339 583
213 584
455 585
491 586
190 587
175 588
161 589
284 590
547 591
518 592
144 593
378 594
382 595
105 596
379 597
553 598
569 599
364 600
528 601
168 602
262 603
535 604
133 605
587 606
353 607
161 608
167 609
105 610
604 611
114 612
362 613
275 614
103 615
380 616
451 617
303 618
352 619
19 620
226 621
334 622
589 623
412 624
95 625
262 626
258 627
540 628
303 629
130 630
123 631
507 632
590 633
562 634
41 635
345 636
537 637
614 638
305 639
571 640
105 641
313 642
237 643
111 644
101 645
401 646
109 647
57 648
22 649
170 650
486 651
351 652
398 653
458 654
525 655
296 656
432 657
101 658
638 659
285 660
623 661
144 662
564 663
271 664
386 665
137 666
355 667
345 668
298 669
310 670
351 671
540 672
433 673
119 674
59 675
632 676
133 677
548 678
340 679
631 680
237 681
530 682
193 683
536 684
673 685
271 686
65 687
687 688
277 689
647 690
663 691
656 692
442 693
440 694
235 695
499 696
598 697
503 698
236 699
524 700
692 701
330 702
272 703
56 704
436 705
263 706
95 707
308 708
243 709
431 710
294 711
587 712
486 713
393 714
257 715
78 716
705 717
494 718
203 719
300 720
16 721
145 722
540 723
681 724
556 725
171 726
124 727
212 728
252 729
373 730
65 731
14 732
207 733
318 734
176 735
11 736
644 737
247 738
247 739
396 740
381 741
179 742
122 743
313 744
226 745
346 746
267 747
180 748
685 749
740 750
401 751
687 752
114 753
735 754
575 755
70 756
563 757
326 758
380 759
673 760
42 761
7 762
272 763
737 764
584 765
400 766
366 767
704 768
660 769
706 770
327 771
685 772
297 773
719 774
537 775
528 776
729 777
710 778
314 779
257 780
72 781
313 782
613 783
101 784
279 785
757 786
240 787
565 788
692 789
519 790
569 791
475 792
159 793
310 794
103 795
644 796
688 797
34 798
99 799
721 800
25 801
7 802
243 803
174 804
285 805
661 806
583 807
274 808
242 809
624 810
490 811
780 812
490 813
227 814
589 815
341 816
393 817
239 818
543 819
806 820
313 821
626 822
389 823
71 824
333 825
330 826
375 827
351 828
441 829
342 830
554 831
574 832
407 833
803 834
502 835
301 836
307 837
353 838
151 839
556 840
95 841
760 842
342 843
218 844
716 845
283 846
659 847
840 848
305 849
579 850
475 851
314 852
211 853
402 854
289 855
18 856
689 857
472 858
107 859
790 860
44 861
416 862
302 863
758 864
683 865
382 866
78 867
552 868
652 869
111 870
536 871
79 872
487 873
482 874
258 875
281 876
819 877
378 878
582 879
381 880
703 881
583 882
723 883
1569 4328 5119 8387 6724 2923 8249 4115 360 5100 636 2961 1258 5121 5480 4005 4530 9956 8965 3465 6484 7208 1329 8190 1759 1254 9780 457 4615 3645 7218 4378 442 9186 6905 8709 8465 8037 106 7493 3907 1429 995 9857 4976 9036 5483 1629 3245 9653 9124 6147 4554 5977 9473 7353 1639 3694 3068 3000 408 8715 536 1297 8252 3953 8919 962 3987 5443 8456 1542 6143 1552 876 1177 8731 8431 444 8766 3443 139 3644 2242 9805 5621 6884 7161 6856 2875 9123 7563 2092 5284 4187 3167 8047 9685 6699 8285 6144 6949 4094 2119 7787 546 1957 9274 6399 6169 1173 1897 6814 715 6247 1089 5038 1615 3923 6371 5094 7615 1586 3687 6453 5204 7497 4399 8298 8488 5268 3808 144 1625 5069 1494 4398 8631 3852 5904 418 60 1646 7407 7260 8588 209 6489 2762 2551 5315 4714 1430 3564 447 4893 7190 7175 4307 496 8406 4891 8781 4915 5700 511 2512 2807 6171 7963 8725 906 6193 5551 705 3347 3528 3995 5289 630 4066 6375 1394 4350 6713 141 571 4812 876 9398 7160 545 4700 6477 4532 4033 4816 7349 8435 8385 7962 3248 8945 8700 993 6114 657 9973 5115 7399 2129 4642 3858 9565 5437 7390 5716 879 6056 7300 4691 2907 3730 3482 8807 6223 7234 4406 8001 5257 2097 2421 2574 3896 5849 7339 2976 593 3353 8889 3217 4277 4661 3501 3924 4071 4958 7996 8767 4537 741 1563 2038 6161 3379 684 9727 6471 6811 2122 7067 2934 5451 3605 8119 8980 5629 3257 9846 5747 4433 4036 3052 2474 1560 1828 2895 1822 2228 8532 4194 9652 120 2064 4808 9773 2998 3841 2873 9254 8766 9072 4250 7328 7856 3388 7555 5482 4852 747 9636 8502 6452 4409 2506 7794 6756 1363 4103 9626 734 3704 8117 8887 4528 6065 2840 4894 5318 6735 4234 4983 1460 5444 7082 1544 9275 2231 5866 9889 8335 1982 6699 5783 623 7359 3458 7333 1458 2554 6778 6572 4860 4238 8114 9758 5946 7639 3226 1913 6049 1383 4443 5151 5718 5417 2586 7132 10 648 3549 1245 7481 1841 6957 4365 4396 9745 6005 4652 7457 4145 8306 3544 4097 6663 5612 4158 3407 7812 1084 3467 4626 4361 599 3212 3429 8366 146 1222 8100 3929 1304 4183 820 7121 8808 5604 652 1739 7461 6216 168 679 151 5 9501 7815 7674 6990 5010 5873 4663 883 5113 1499 1465 3276 2785 6368 2885 5132 9899 7357 5754 9488 7908 421 3110 94 4364 7500 2129 2951 7978 6245 7115 9197 9429 3610 2729 5685 4265 8389 9561 3598 4476 1537 2775 1185 4049 4584 7883 2478 8332 9074 3757 7460 4053 6412 3519 2714 4448 9668 8346 4380 1826 4458 6704 6941 66 7657 2528 8013 1736 6109 594 3829 8959 85 4232 7752 7037 300 2540 9072 6392 9910 5816 8671 903 5339 7044 7348 4741 4821 3644 3120 7263 7387 8182 182 5581 5664 4640 9375 7688 6614 6990 3174 3018 6879 2864 2230 1756 9250 2829 2196 6062 7030 6827 8738 6919 2552 1877 9529 3122 363 1277 3958 8728 3571 2163 4029 1921 3336 2554 7474 9956 2923 4873 9569 2058 4491 9631 484 615 2303 9384 9976 966 9948 3988 4900 2820 5649 7416 6539 408 2671 5564 7887 3752 3827 907 3276 5850 7445 3725 6650 3557 751 8857 3557 3288 478 8265 1633 2116 9646 6830 7194 1668 3392 8279 4467 5657 8764 5465 338 2603 1858 9431 4310 2197 1163 1563 9323 7862 9848 851 4203 1877 7683 3736 3346 6006 3655 5892 7429 1351 9077 5991 347 1650 2888 3209 1462 8752 8874 9516 5963 3509 2125 690 7376 9704 5873 9297 1342 9400 2955 420 8643 992 3039 5063 6195 269 4886 404 5752 1860 6764 4646 9176 2913 3303 4998 5754 8261 2896 587 5331 2835 618 2374 5676 5706 1410 4772 2216 6380 2075 2106 8847 222 8021 9854 5505 4083 8551 2194 7482 2354 1891 2472 8447 3459 3083 9431 5990 883 5751 3868 2703 8197 1807 580 3795 6972 9510 7634 9724 5997 3786 7004 478 2697 2007 8104 5847 3939 1534 1597 2672 2317 3464 6944 3983 2033 7428 3695 8014 518 1525 2421 1877 8491 440 3645 4217 1855 2 2338 2268 4981 9263 168 991 7094 3546 5026 3488 2723 2910 4382 9921 9656 1614 5733 1078 6225 7481 9477 1971 1612 6809 7569 8032 2626 8013 3677 2853 3397 3636 691 809 4572 8617 1297 177 8933 4147 5481 9026 9605 1893 1631 6358 153 5984 8545 567 7421 7792 4469 8969 5982 8356 953 6553 997 9068 8511 9106 6529 7803 3264 9745 2081 3729 1900 1977 5639 6238 9126 7520 8537 9927 5294 8561 3985 2905 8340 2416 9798 9093 6863 3371 748 4826 7424 137 4555 3461 1803 7868 4702 3597 7624 5971 920 4051 3119 3751 6357 3553 888 7632 4265 5733 8154 152 9827 5537 3511 713 3682 7559 2381 8775 1514 689 2792 4135 111 4102 1355 5429 9343 3809 2094 8464 9549 1067 9907 4397 7245 1881 5467 2570 1069 2785 3039 6779 159 6271 2245 4446 8276 616 4448 1745 1721 8362 285 5605 1230 5126 7878 4217 1260
