89
1 2
1 3
3 4
1 5
1 6
3 7
1 8
1 9
3 10
4 11
5 12
3 13
3 14
9 15
2 16
10 17
17 18
13 19
18 20
2 21
21 22
13 23
22 24
13 25
23 26
20 27
3 28
9 29
12 30
1 31
29 32
24 33
2 34
7 35
17 36
17 37
11 38
29 39
12 40
7 41
27 42
5 43
24 44
9 45
20 46
35 47
23 48
10 49
15 50
36 51
36 52
14 53
27 54
39 55
46 56
27 57
54 58
53 59
6 60
3 61
36 62
23 63
9 64
7 65
7 66
31 67
35 68
12 69
8 70
44 71
70 72
55 73
40 74
24 75
69 76
12 77
64 78
78 79
58 80
67 81
8 82
62 83
47 84
39 85
44 86
39 87
24 88
87 89
1764 5792 6937 1914 3261 3663 3727 8744 7537 1553 2511 7476 3173 6358 8270 316 7950 2664 1790 8208 4906 9654 4702 6690 6444 3892 8668 4550 8701 3244 5643 556 4388 7824 7605 5411 989 4113 489 418 2667 2563 771 8265 2474 4778 7299 4891 1388 7133 2042 634 184 9792 7758 4012 2758 3017 3870 6417 7557 1053 624 4126 2122 8736 3356 1992 736 7476 860 52 3993 1322 7502 2446 3272 4445 1434 6825 5809 9168 2972 3254 9394 2675 3605 3353 6467
