95
1 2
2 3
2 4
2 5
1 6
6 7
3 8
4 9
5 10
9 11
8 12
12 13
4 14
12 15
9 16
2 17
8 18
6 19
11 20
20 21
19 22
21 23
4 24
1 25
5 26
19 27
9 28
15 29
25 30
29 31
4 32
23 33
26 34
20 35
15 36
32 37
15 38
3 39
22 40
15 41
38 42
39 43
38 44
39 45
36 46
14 47
33 48
29 49
42 50
28 51
3 52
16 53
48 54
18 55
40 56
25 57
4 58
14 59
31 60
32 61
32 62
17 63
54 64
53 65
21 66
6 67
66 68
16 69
61 70
32 71
32 72
44 73
36 74
35 75
69 76
72 77
28 78
67 79
15 80
2 81
45 82
39 83
30 84
28 85
26 86
69 87
80 88
79 89
49 90
1 91
84 92
16 93
25 94
50 95
5114 22 9841 7784 4160 7999 3381 9450 7247 7101 5827 5628 1934 7008 283 4596 9264 1867 1508 4176 5118 7972 5483 5695 5278 9690 2738 6824 9744 645 525 8911 144 763 6900 6822 8283 6575 2885 6254 7886 3378 7898 5048 7209 7494 4888 7084 8801 8837 8143 2725 9946 557 1517 9722 7134 5146 970 9343 8636 4815 9248 3654 3719 7206 4320 2688 7151 6720 5354 5031 9486 6766 9440 2442 1138 2433 2231 2039 5290 3317 4478 1108 1503 11 1698 3682 3444 2191 5313 4098 5119 8295 4891
