955
1 2
1 3
1 4
4 5
4 6
2 7
4 8
3 9
7 10
2 11
8 12
1 13
13 14
8 15
13 16
16 17
12 18
4 19
1 20
16 21
14 22
8 23
9 24
1 25
17 26
11 27
21 28
8 29
24 30
18 31
4 32
13 33
7 34
11 35
10 36
30 37
22 38
19 39
22 40
13 41
35 42
32 43
42 44
5 45
37 46
3 47
24 48
18 49
46 50
31 51
49 52
11 53
48 54
7 55
32 56
15 57
33 58
53 59
6 60
48 61
54 62
3 63
6 64
17 65
59 66
37 67
8 68
55 69
68 70
6 71
14 72
64 73
64 74
6 75
69 76
60 77
62 78
60 79
16 80
28 81
1 82
16 83
4 84
71 85
79 86
22 87
3 88
68 89
8 90
75 91
35 92
31 93
68 94
60 95
20 96
44 97
21 98
88 99
99 100
77 101
67 102
40 103
94 104
62 105
68 106
97 107
44 108
12 109
12 110
99 111
21 112
51 113
21 114
47 115
18 116
107 117
102 118
46 119
94 120
80 121
64 122
58 123
59 124
36 125
30 126
62 127
73 128
121 129
121 130
4 131
55 132
65 133
73 134
43 135
128 136
84 137
65 138
138 139
117 140
70 141
112 142
34 143
141 144
77 145
128 146
97 147
107 148
17 149
128 150
112 151
90 152
126 153
68 154
60 155
15 156
132 157
74 158
148 159
122 160
20 161
111 162
123 163
154 164
79 165
101 166
6 167
134 168
130 169
125 170
148 171
167 172
131 173
96 174
148 175
31 176
14 177
155 178
44 179
115 180
64 181
53 182
107 183
127 184
133 185
99 186
47 187
118 188
2 189
43 190
127 191
87 192
156 193
145 194
172 195
154 196
117 197
124 198
112 199
10 200
33 201
66 202
140 203
53 204
160 205
178 206
188 207
205 208
104 209
191 210
141 211
71 212
154 213
85 214
9 215
118 216
181 217
131 218
217 219
82 220
215 221
163 222
155 223
62 224
126 225
7 226
37 227
85 228
87 229
180 230
80 231
170 232
230 233
41 234
152 235
62 236
34 237
3 238
210 239
38 240
218 241
122 242
226 243
74 244
1 245
126 246
228 247
90 248
241 249
142 250
148 251
126 252
215 253
239 254
201 255
138 256
59 257
215 258
144 259
215 260
200 261
129 262
94 263
139 264
108 265
225 266
108 267
249 268
40 269
24 270
105 271
263 272
208 273
35 274
125 275
86 276
266 277
18 278
81 279
187 280
154 281
177 282
187 283
80 284
163 285
88 286
217 287
169 288
255 289
4 290
126 291
128 292
69 293
139 294
177 295
1 296
126 297
187 298
291 299
287 300
188 301
270 302
98 303
132 304
52 305
277 306
133 307
188 308
49 309
51 310
67 311
129 312
103 313
191 314
299 315
87 316
284 317
226 318
137 319
179 320
223 321
115 322
29 323
219 324
94 325
196 326
223 327
69 328
216 329
316 330
123 331
90 332
202 333
255 334
2 335
166 336
237 337
31 338
161 339
16 340
311 341
215 342
180 343
126 344
247 345
262 346
182 347
306 348
71 349
61 350
291 351
201 352
311 353
13 354
137 355
104 356
135 357
55 358
348 359
263 360
129 361
27 362
288 363
86 364
49 365
355 366
231 367
12 368
203 369
152 370
246 371
196 372
344 373
373 374
209 375
254 376
304 377
200 378
330 379
277 380
147 381
29 382
7 383
323 384
182 385
262 386
64 387
117 388
43 389
64 390
116 391
282 392
329 393
133 394
219 395
168 396
236 397
154 398
363 399
381 400
311 401
198 402
136 403
225 404
101 405
130 406
212 407
186 408
380 409
384 410
202 411
35 412
51 413
314 414
138 415
100 416
397 417
198 418
203 419
181 420
161 421
190 422
31 423
301 424
165 425
359 426
234 427
221 428
235 429
96 430
4 431
375 432
112 433
14 434
213 435
382 436
14 437
244 438
402 439
23 440
414 441
150 442
271 443
182 444
109 445
444 446
104 447
319 448
376 449
32 450
205 451
425 452
394 453
329 454
282 455
170 456
433 457
324 458
91 459
9 460
347 461
176 462
36 463
181 464
330 465
50 466
199 467
151 468
406 469
347 470
400 471
223 472
248 473
177 474
397 475
158 476
171 477
112 478
34 479
242 480
348 481
180 482
4 483
363 484
471 485
382 486
402 487
287 488
52 489
315 490
116 491
107 492
180 493
92 494
421 495
22 496
112 497
267 498
383 499
461 500
471 501
308 502
108 503
443 504
489 505
325 506
378 507
285 508
423 509
162 510
493 511
415 512
15 513
145 514
189 515
452 516
361 517
430 518
40 519
255 520
235 521
433 522
261 523
454 524
305 525
482 526
320 527
189 528
436 529
327 530
260 531
81 532
308 533
339 534
497 535
122 536
213 537
498 538
467 539
133 540
464 541
62 542
3 543
480 544
146 545
357 546
181 547
39 548
204 549
310 550
427 551
111 552
412 553
545 554
251 555
545 556
340 557
85 558
295 559
326 560
447 561
316 562
145 563
115 564
98 565
166 566
64 567
183 568
182 569
118 570
484 571
40 572
476 573
22 574
387 575
334 576
506 577
128 578
162 579
118 580
148 581
335 582
132 583
264 584
32 585
366 586
240 587
464 588
457 589
250 590
48 591
307 592
26 593
232 594
35 595
80 596
140 597
521 598
545 599
78 600
531 601
59 602
344 603
411 604
172 605
216 606
449 607
84 608
567 609
608 610
528 611
3 612
360 613
277 614
442 615
468 616
50 617
26 618
20 619
455 620
211 621
499 622
370 623
50 624
241 625
591 626
278 627
25 628
493 629
476 630
426 631
203 632
355 633
238 634
284 635
555 636
187 637
538 638
344 639
368 640
527 641
261 642
427 643
349 644
265 645
410 646
269 647
72 648
348 649
351 650
111 651
189 652
603 653
464 654
379 655
181 656
476 657
26 658
187 659
80 660
94 661
44 662
286 663
434 664
204 665
48 666
149 667
234 668
182 669
201 670
588 671
430 672
138 673
125 674
297 675
133 676
306 677
152 678
597 679
59 680
406 681
677 682
610 683
429 684
11 685
577 686
427 687
342 688
291 689
273 690
183 691
392 692
317 693
143 694
477 695
143 696
610 697
452 698
186 699
668 700
484 701
530 702
643 703
77 704
677 705
292 706
369 707
473 708
24 709
413 710
262 711
456 712
69 713
110 714
64 715
624 716
97 717
235 718
303 719
350 720
583 721
77 722
448 723
563 724
717 725
543 726
279 727
90 728
236 729
633 730
109 731
514 732
2 733
261 734
595 735
38 736
459 737
371 738
476 739
569 740
478 741
417 742
385 743
31 744
190 745
344 746
445 747
14 748
153 749
247 750
487 751
710 752
247 753
472 754
194 755
182 756
635 757
486 758
526 759
705 760
98 761
599 762
139 763
435 764
152 765
450 766
320 767
337 768
412 769
515 770
261 771
743 772
458 773
129 774
190 775
66 776
740 777
126 778
663 779
457 780
300 781
437 782
102 783
528 784
351 785
196 786
113 787
60 788
467 789
760 790
492 791
312 792
668 793
79 794
388 795
536 796
601 797
264 798
152 799
277 800
194 801
699 802
582 803
448 804
617 805
332 806
189 807
292 808
769 809
116 810
441 811
699 812
768 813
671 814
507 815
428 816
341 817
521 818
183 819
561 820
644 821
699 822
480 823
159 824
425 825
102 826
578 827
506 828
176 829
428 830
96 831
476 832
440 833
367 834
253 835
497 836
122 837
338 838
67 839
244 840
126 841
266 842
643 843
822 844
594 845
808 846
305 847
472 848
140 849
449 850
166 851
772 852
345 853
169 854
544 855
237 856
285 857
193 858
751 859
562 860
374 861
121 862
461 863
669 864
329 865
570 866
200 867
579 868
675 869
268 870
682 871
565 872
537 873
416 874
637 875
25 876
479 877
855 878
790 879
637 880
644 881
6 882
101 883
135 884
76 885
157 886
684 887
801 888
181 889
537 890
809 891
818 892
55 893
815 894
746 895
167 896
659 897
329 898
307 899
870 900
359 901
732 902
170 903
335 904
565 905
744 906
228 907
146 908
325 909
461 910
908 911
24 912
513 913
848 914
68 915
906 916
48 917
866 918
17 919
661 920
543 921
604 922
660 923
881 924
66 925
173 926
711 927
59 928
57 929
544 930
310 931
466 932
335 933
370 934
117 935
1 936
562 937
141 938
185 939
11 940
781 941
691 942
661 943
623 944
848 945
577 946
30 947
422 948
648 949
462 950
591 951
626 952
142 953
296 954
4 955
9740 1062 5958 1398 2444 6777 6432 7490 3562 8012 4638 5748 3057 1239 4553 9991 8025 744 5903 619 2949 8052 9805 9850 7709 3959 3634 9491 3530 4008 9144 1437 1672 1788 2553 4710 4672 5084 5570 2404 8917 6123 8453 8255 6218 5169 7078 7655 9202 3622 3340 8508 5774 5422 7916 5483 6182 1792 9569 5001 4917 6037 2539 2926 5022 8809 7368 3679 3998 595 3181 9031 9895 8195 6622 7637 9894 7326 6367 1035 8616 6149 1269 6401 2882 5379 2228 4526 8295 3169 7313 9664 8838 7407 9841 4991 2303 2280 6275 4620 3398 4167 6329 2738 3168 5745 6849 4071 2075 7259 1675 9172 1534 3209 5953 9442 3847 9973 195 8669 2779 6111 4187 68 3394 1054 8865 4062 7423 1882 2826 6103 6433 4754 6183 7706 4006 9483 7494 143 8162 8626 1486 4162 3237 718 9011 4518 952 1704 7501 2637 5634 6429 3005 1060 9908 95 1487 8004 1442 362 5313 7427 5041 1845 6343 478 9797 2814 4739 7318 2750 6064 1658 1502 4975 2209 5944 5977 23 3435 6714 7106 4609 4581 3863 9091 5425 8150 5024 4219 2584 2190 6803 8626 5510 1402 7314 1625 9768 8750 3708 3007 4296 2483 5392 5576 6613 5694 3009 7427 5599 5259 8720 6850 3032 4175 2127 1513 4253 6677 508 5420 4558 8354 5939 9896 1868 441 7838 4180 7830 7195 2957 1333 2258 2190 7560 5028 9623 1767 4784 2191 7127 4930 4543 2684 5447 6266 1059 3163 378 4028 8977 8414 1751 9673 2058 8147 3009 8312 7295 4806 947 3960 5125 9731 8789 2490 4867 6439 6880 5955 3610 1860 1589 6240 7910 9407 8975 3515 3369 7447 6337 9722 3918 7511 1213 591 1695 793 9644 7533 3432 9436 2886 4567 7657 1014 9721 513 1205 5955 9076 8123 2425 1987 1954 6113 8586 3395 4940 6745 1531 4507 8103 3338 4391 7844 5501 2309 1465 277 2783 2925 6002 3369 8219 2277 5238 6045 352 2992 1970 7575 144 6485 3169 213 8725 4725 6047 7449 5226 7708 5838 6499 7187 9327 5137 1380 187 9488 714 4787 8810 8589 7806 9657 1875 2342 1435 1741 8392 6171 5386 2426 654 783 5780 3255 54 2161 7166 9105 2509 2205 8753 1737 3286 5689 1611 729 5310 1750 5196 3523 4071 4643 8661 8404 3869 4891 3177 8915 8364 6261 3752 9308 8792 116 7185 1922 1610 4300 7196 9404 2108 5294 3115 5626 7133 4225 8340 3563 7107 4488 5412 4766 3691 7834 9457 4526 3922 2092 4252 1073 8986 1057 3719 8986 6609 9981 6771 5760 5010 1571 8746 2537 661 3625 3116 9964 6529 7403 4978 7240 6001 9297 681 1142 8990 216 8337 8744 1490 421 6530 2983 1899 684 2189 4620 8802 7566 5003 7662 1972 9962 9414 8789 7497 8380 4352 5624 3685 1408 3393 2328 6488 9258 5244 5981 8139 3206 380 3451 6807 9497 6500 9905 8924 3627 5861 1455 9358 6558 4299 1204 5263 2547 3156 9806 9805 2630 76 7015 9122 4226 322 563 8963 2835 5203 8550 5879 9694 7523 5828 3589 6076 250 4969 9456 9486 9511 2996 8251 3896 7012 7111 6308 9544 1829 7930 9815 3973 8319 7405 9099 5915 7903 5604 7559 6456 8817 1631 1295 3179 1264 5551 3626 4305 3263 6911 8292 9752 3425 475 5119 9507 9956 2379 5124 4594 95 7492 9893 6145 7879 9475 3661 6024 1405 341 5590 1040 2796 2932 2370 4981 175 8640 7854 4460 1506 4126 2275 5122 6912 3694 3290 6115 1112 9 974 2495 9511 5814 2523 232 8247 8077 2592 1475 8290 4135 6524 8509 5852 1532 4128 9953 5202 7329 4783 559 3932 2998 3907 8385 7047 3575 9389 515 1409 8355 3696 7511 4681 7961 7554 1627 7734 1519 612 652 2449 7953 5487 8457 4601 8662 338 6256 8155 7649 6841 5650 4101 1646 6997 6202 4498 8465 3383 5643 4337 288 1876 5488 5982 4845 1520 9525 3833 2140 8627 9057 2746 3305 1601 2155 5129 6625 1755 5748 6023 3104 3994 3192 1832 6060 9891 8657 542 8682 9879 8511 4886 5981 7548 1769 3999 3589 7159 7693 5069 3995 69 9145 9707 831 4488 2810 4330 8608 398 6516 6990 6461 9252 3256 4977 830 3853 890 9554 4466 3877 2123 5975 4526 9042 17 2795 8135 109 2354 5252 1327 2620 8620 1333 6136 268 2254 9272 6418 2977 6417 816 236 9556 1834 6500 3117 9981 3343 1895 5611 7800 7397 7543 1832 3434 1085 5298 7777 5223 7175 5588 5515 151 502 8192 8265 4341 2061 2039 1416 8606 4127 3479 4050 2893 8456 5244 919 2610 9362 9273 7162 5509 7265 5568 3023 670 2736 7419 391 138 6923 36 7184 1147 3661 6835 1357 7358 1874 99 8447 7418 5164 2978 4213 1015 455 4511 3655 1450 788 5455 5291 9987 6628 8566 6154 5394 6797 6099 1106 3614 7238 36 720 5672 4563 1302 2281 3337 2322 1236 4608 324 6388 6338 2646 1638 8248 4023 2637 8793 4066 7058 3449 4041 2009 5703 2597 853 5375 694 1694 8241 6669 9893 845 273 879 4593 3130 6934 6782 1051 8142 7174 1040 9087 9874 4447 3335 1247 349 1314 3444 4126 130 608 7550 270 5287 4166 2627 1966 5520 5228 7312 37 3490 6167 8050 5282 5649 9674 1577 6793 1896 965 1229 6590 7674 9273 187 1767 7182 1421 4739 4652 6015 2144 6217 4694 8253 9927 7464 4729 5806 9854 3790 2481 6395 8329 8209 1406 528 5886 2503 5844 5083 7100 6890 3946 9284 6674 5542 8386 7456 3147 6823 3500 8773 4072 8661 2760 6134 9402 6270 7012 2731 8127 4213 2615
