96
1 2
1 3
1 4
3 5
3 6
4 7
4 8
1 9
1 10
4 11
7 12
2 13
7 14
6 15
8 16
1 17
5 18
2 19
2 20
13 21
16 22
21 23
10 24
2 25
18 26
7 27
22 28
16 29
15 30
18 31
18 32
1 33
31 34
21 35
34 36
18 37
34 38
33 39
4 40
36 41
22 42
19 43
13 44
28 45
21 46
9 47
23 48
39 49
27 50
11 51
34 52
26 53
3 54
30 55
5 56
5 57
13 58
49 59
15 60
35 61
50 62
57 63
10 64
3 65
30 66
21 67
19 68
25 69
48 70
35 71
62 72
65 73
46 74
66 75
16 76
54 77
12 78
66 79
9 80
16 81
4 82
21 83
26 84
78 85
11 86
80 87
20 88
4 89
27 90
55 91
17 92
29 93
87 94
32 95
3 96
917 4635 9139 2293 339 6354 6980 9288 6306 2923 3634 7547 8649 9810 245 3567 8070 1206 3909 5461 8555 7444 9739 2588 3016 4394 9285 1328 3222 5374 3419 9344 594 8371 9018 1369 2390 8392 1342 3717 336 5493 8284 3925 1886 3202 8562 4581 2330 3644 5575 2008 6529 597 7389 6793 1570 9785 3551 7006 2525 4200 9153 497 8685 7994 5117 564 6491 2626 7550 8640 9749 4409 6255 8704 474 9173 3959 6519 1905 484 3331 5479 5695 2447 1957 2055 8487 881 7210 8984 9410 5092 3330 4921
