901
1 2
1 3
1 4
1 5
3 6
5 7
6 8
3 9
1 10
1 11
9 12
8 13
6 14
13 15
1 16
14 17
16 18
15 19
1 20
17 21
7 22
8 23
15 24
2 25
10 26
15 27
2 28
10 29
5 30
4 31
9 32
2 33
17 34
4 35
7 36
16 37
14 38
2 39
6 40
23 41
15 42
36 43
18 44
29 45
38 46
29 47
31 48
45 49
20 50
49 51
50 52
36 53
2 54
51 55
2 56
54 57
11 58
9 59
25 60
60 61
51 62
45 63
62 64
10 65
29 66
50 67
8 68
16 69
41 70
54 71
69 72
59 73
5 74
61 75
22 76
28 77
52 78
44 79
8 80
76 81
66 82
77 83
59 84
47 85
72 86
55 87
32 88
79 89
81 90
56 91
78 92
4 93
18 94
46 95
59 96
75 97
14 98
34 99
23 100
26 101
17 102
65 103
92 104
11 105
99 106
58 107
98 108
8 109
41 110
66 111
47 112
78 113
48 114
75 115
55 116
10 117
67 118
64 119
68 120
75 121
52 122
116 123
9 124
23 125
38 126
78 127
80 128
92 129
25 130
12 131
125 132
131 133
97 134
39 135
46 136
82 137
32 138
50 139
6 140
110 141
60 142
33 143
87 144
6 145
55 146
82 147
112 148
118 149
109 150
25 151
42 152
40 153
78 154
13 155
153 156
148 157
86 158
96 159
31 160
3 161
32 162
29 163
156 164
135 165
144 166
76 167
91 168
65 169
166 170
75 171
20 172
138 173
59 174
134 175
120 176
32 177
13 178
45 179
140 180
136 181
162 182
61 183
40 184
102 185
141 186
120 187
31 188
94 189
185 190
101 191
135 192
63 193
118 194
140 195
145 196
37 197
128 198
75 199
188 200
146 201
179 202
27 203
78 204
47 205
11 206
188 207
1 208
20 209
143 210
176 211
116 212
120 213
166 214
88 215
54 216
132 217
183 218
12 219
65 220
101 221
135 222
56 223
140 224
89 225
156 226
179 227
197 228
189 229
8 230
115 231
36 232
112 233
207 234
35 235
18 236
61 237
51 238
113 239
57 240
85 241
95 242
35 243
19 244
82 245
171 246
196 247
243 248
196 249
69 250
184 251
234 252
169 253
133 254
219 255
218 256
204 257
251 258
85 259
241 260
170 261
178 262
156 263
207 264
241 265
244 266
42 267
74 268
133 269
246 270
67 271
40 272
152 273
12 274
71 275
94 276
175 277
165 278
181 279
95 280
78 281
19 282
40 283
219 284
269 285
285 286
236 287
34 288
84 289
198 290
253 291
236 292
135 293
55 294
182 295
249 296
158 297
128 298
288 299
87 300
217 301
168 302
136 303
278 304
295 305
72 306
54 307
122 308
18 309
106 310
169 311
139 312
288 313
236 314
170 315
194 316
118 317
147 318
46 319
226 320
68 321
304 322
8 323
116 324
92 325
93 326
170 327
60 328
301 329
203 330
81 331
148 332
146 333
70 334
308 335
147 336
324 337
19 338
276 339
115 340
196 341
224 342
314 343
202 344
321 345
57 346
299 347
199 348
76 349
254 350
127 351
27 352
227 353
279 354
100 355
263 356
192 357
295 358
249 359
23 360
99 361
317 362
189 363
6 364
225 365
302 366
295 367
345 368
63 369
163 370
361 371
153 372
247 373
285 374
148 375
74 376
245 377
3 378
32 379
112 380
272 381
295 382
299 383
145 384
268 385
362 386
77 387
16 388
97 389
72 390
359 391
315 392
300 393
286 394
91 395
181 396
244 397
119 398
34 399
58 400
182 401
328 402
207 403
49 404
385 405
186 406
238 407
215 408
187 409
265 410
219 411
36 412
131 413
11 414
320 415
170 416
317 417
409 418
231 419
305 420
299 421
172 422
362 423
166 424
309 425
260 426
313 427
329 428
335 429
98 430
171 431
299 432
314 433
196 434
324 435
187 436
226 437
326 438
297 439
82 440
25 441
57 442
111 443
120 444
344 445
287 446
385 447
373 448
111 449
385 450
180 451
126 452
352 453
133 454
318 455
17 456
325 457
245 458
237 459
282 460
61 461
168 462
439 463
116 464
179 465
320 466
411 467
464 468
260 469
105 470
124 471
331 472
90 473
272 474
20 475
440 476
107 477
175 478
381 479
159 480
188 481
355 482
266 483
359 484
406 485
442 486
387 487
179 488
368 489
302 490
162 491
23 492
143 493
158 494
66 495
127 496
46 497
476 498
467 499
187 500
351 501
74 502
181 503
6 504
171 505
49 506
287 507
326 508
145 509
246 510
295 511
83 512
251 513
321 514
112 515
230 516
163 517
140 518
124 519
318 520
295 521
472 522
151 523
127 524
71 525
330 526
134 527
276 528
31 529
332 530
381 531
39 532
18 533
194 534
502 535
227 536
516 537
270 538
135 539
90 540
348 541
424 542
58 543
453 544
521 545
378 546
135 547
204 548
526 549
152 550
520 551
404 552
471 553
131 554
327 555
273 556
302 557
378 558
61 559
88 560
510 561
286 562
314 563
74 564
122 565
226 566
126 567
346 568
91 569
441 570
379 571
377 572
208 573
231 574
334 575
326 576
411 577
476 578
21 579
355 580
329 581
212 582
494 583
315 584
161 585
89 586
447 587
305 588
309 589
384 590
223 591
301 592
47 593
548 594
495 595
481 596
179 597
295 598
266 599
322 600
428 601
571 602
311 603
209 604
379 605
600 606
426 607
207 608
456 609
501 610
507 611
345 612
336 613
6 614
268 615
458 616
114 617
604 618
405 619
552 620
537 621
100 622
358 623
152 624
544 625
348 626
136 627
287 628
135 629
83 630
354 631
394 632
175 633
530 634
233 635
276 636
241 637
636 638
101 639
369 640
197 641
479 642
110 643
100 644
5 645
269 646
189 647
467 648
575 649
279 650
541 651
1 652
97 653
47 654
383 655
297 656
636 657
584 658
20 659
57 660
3 661
419 662
600 663
440 664
269 665
404 666
293 667
295 668
155 669
297 670
282 671
28 672
166 673
35 674
262 675
250 676
289 677
460 678
27 679
290 680
349 681
590 682
490 683
203 684
610 685
498 686
156 687
578 688
19 689
315 690
380 691
602 692
224 693
569 694
158 695
374 696
149 697
286 698
17 699
137 700
283 701
664 702
126 703
218 704
615 705
286 706
27 707
381 708
246 709
332 710
59 711
258 712
637 713
226 714
167 715
19 716
414 717
697 718
259 719
579 720
369 721
716 722
133 723
509 724
706 725
57 726
414 727
611 728
513 729
591 730
294 731
174 732
555 733
570 734
687 735
271 736
531 737
615 738
129 739
210 740
428 741
269 742
667 743
50 744
12 745
50 746
641 747
360 748
523 749
615 750
558 751
259 752
24 753
297 754
579 755
380 756
732 757
229 758
205 759
184 760
578 761
306 762
739 763
485 764
306 765
209 766
610 767
723 768
73 769
466 770
337 771
22 772
400 773
36 774
510 775
43 776
498 777
346 778
268 779
544 780
301 781
220 782
402 783
704 784
76 785
72 786
381 787
45 788
158 789
85 790
636 791
755 792
724 793
518 794
512 795
182 796
42 797
306 798
271 799
535 800
93 801
299 802
648 803
416 804
390 805
379 806
348 807
402 808
257 809
780 810
118 811
767 812
7 813
326 814
108 815
770 816
413 817
116 818
521 819
183 820
21 821
808 822
213 823
498 824
280 825
156 826
576 827
742 828
184 829
95 830
774 831
445 832
354 833
46 834
57 835
703 836
559 837
658 838
251 839
92 840
675 841
90 842
222 843
553 844
246 845
185 846
573 847
701 848
746 849
432 850
805 851
16 852
176 853
201 854
2 855
399 856
422 857
205 858
637 859
105 860
594 861
533 862
773 863
695 864
547 865
596 866
2 867
503 868
858 869
214 870
293 871
11 872
711 873
231 874
90 875
663 876
568 877
728 878
588 879
457 880
812 881
148 882
288 883
400 884
183 885
817 886
586 887
405 888
95 889
339 890
638 891
21 892
46 893
677 894
322 895
437 896
354 897
233 898
702 899
851 900
679 901
235 7832 4916 2367 6962 7202 9047 5612 5448 3016 3088 5581 309 1344 3893 6835 1264 4081 271 5374 1677 2799 177 8636 1780 9686 4069 7891 227 3351 7006 4605 6466 1964 9979 2815 5340 9275 8765 7538 2679 5981 948 3375 3471 6750 3888 9683 4032 8998 2454 1790 9953 255 2665 5394 2245 1607 3479 3504 2496 3342 4780 8688 7570 325 8416 3996 6434 7736 70 4032 5349 2311 9492 8991 585 705 9431 5155 1340 4722 5335 8778 4280 1136 7659 4179 9288 2694 1073 6845 5607 6434 2375 1932 3452 29 52 5704 7646 7729 5372 4809 4516 1240 4530 6736 8514 5514 5597 5662 401 7806 7108 332 623 4526 7314 3505 8332 1235 1299 719 1187 1040 6229 4807 9631 1009 4780 5027 4427 6672 1242 7890 7392 3563 2905 4040 907 5798 7218 8356 8273 9019 6727 2613 2836 7326 6476 6040 6830 9673 6358 6000 3154 1381 4165 4581 5555 486 4494 8052 2345 7094 7998 57 4876 6102 8771 2700 4421 1976 4855 7751 4413 4074 9273 6131 6230 8100 5456 1152 9469 5842 8836 3080 7315 7298 2119 5367 4143 1222 3411 3301 507 1549 9353 4339 8743 6615 8622 5258 4831 9000 7966 795 1958 596 683 8131 6501 4423 1144 1954 5349 5800 8218 9545 5878 5095 6342 3702 7557 6835 4176 7788 3340 4487 9223 8662 7542 8616 9313 5636 7809 2792 4110 9612 6529 4107 6664 1319 8534 2221 9896 5585 14 5174 8128 2441 1997 4586 6369 6387 223 6269 5018 234 395 4916 3412 3469 306 9747 9645 9444 3601 1347 3738 6328 1513 8582 2029 3645 5464 9910 4083 3176 7630 8993 778 3979 9011 9501 7969 6923 4987 1930 1931 6270 8103 3821 5792 1376 8606 4692 7618 752 5635 7274 7196 9585 9384 9101 352 3264 3911 4451 1011 3125 8671 1869 4145 817 5096 9293 3648 9870 912 532 9405 4173 5672 1570 4894 1656 619 5821 3647 477 4208 9646 8758 6555 6343 5401 8961 1331 3068 6183 1741 7920 9129 8716 5055 7629 2622 6668 4399 2121 7945 927 2826 7719 2611 1731 5013 8904 3676 3085 211 9223 1176 8463 4445 9545 4013 498 8465 2398 8140 1496 6859 3238 6001 7783 6418 504 4357 3600 2772 2315 2590 3459 8084 7693 7092 7251 3247 7304 1242 3141 7866 2511 5872 3603 5676 7218 4101 4076 5998 1739 7854 8329 3867 4559 4854 9670 2628 1687 2933 8707 2137 820 7298 6221 5265 5803 4887 9718 4272 2594 6145 4455 5479 4958 2439 2668 9104 9788 5688 9356 7805 7725 2185 6823 8714 3700 4850 6226 5115 5227 8233 5700 212 3027 9677 6643 2680 4191 5743 3550 5360 6907 5992 1730 54 6212 9884 9742 1846 4422 4632 6325 708 9875 655 4565 9872 5488 7697 4506 8535 4328 9372 6590 7359 5566 5005 8251 5190 1501 8275 3117 1252 5081 127 4279 9872 4883 9742 9822 2238 6505 4313 7522 582 7755 5377 6012 1831 8845 4217 4485 9515 7778 3490 4598 7251 3796 7561 905 5355 1697 332 2967 319 5330 1520 552 1204 6939 8370 7018 5790 8176 6352 9031 8384 8245 3641 119 5590 3441 5962 691 3005 5212 1648 6973 250 63 7556 8456 5437 3917 5163 7670 5524 5057 2879 6210 1508 1047 603 4857 6751 7411 8959 2920 9742 1811 7238 2712 9042 2515 9747 1074 168 8176 4606 4074 4759 3859 5173 9360 4578 4437 6574 2996 7229 3714 1629 6434 1641 3598 6734 6427 1873 3657 1235 5799 3590 6332 6137 7985 4576 295 4810 6286 632 3659 4327 3760 7304 8213 3651 6587 9012 8990 9789 630 3642 2175 8509 1422 6046 9118 8314 7482 5808 14 6106 9875 8852 4515 633 9867 9336 8111 5730 1137 8840 4848 9111 7991 8314 7337 722 2037 2862 8838 8470 8353 1636 7366 3685 7537 3580 4066 7588 1589 4249 5788 5883 3491 87 8594 8664 2890 5429 7959 5057 4274 7701 1545 7925 3299 9648 5491 8071 8321 7566 703 5938 3530 8688 2859 8590 9155 2626 5623 4858 8421 5776 4696 4283 4988 9955 7748 1389 3343 6821 9418 8976 8426 9207 3530 5857 8280 3962 4897 4257 2747 4474 50 9969 5144 6697 6840 8554 4296 6114 4074 7841 2600 4594 4466 1105 2525 4582 4819 5252 4387 3221 8828 8090 2486 4697 4107 108 6865 1232 7364 6194 4952 885 7160 1092 8398 2554 9579 9274 3336 5154 3882 8935 4012 8516 9671 2258 2169 152 8555 7731 2955 6534 5114 1985 8297 4689 3934 4449 1468 5985 9747 8122 7791 4757 9210 7070 1818 6016 1336 1567 5330 5735 7720 8138 2419 8834 5200 2538 5774 4337 8310 3954 6760 6609 3757 1356 1000 9374 9510 1870 238 9032 7810 1378 8400 9008 7060 3000 1941 2107 2680 9682 9467 4780 8077 602 9635 9115 97 5948 432 1268 9797 3794 5170 870 9253 735 9362 3590 1754 9150 4690 1949 2201 2060 9479 7312 4313 1410 641 5323 384 5905 4447 7830 5761 1168 3854 5196 5243 7325 5661 924 2108 3516 1721 5361 8490 5238 4901 8067 7663 419 2065 9500 8054 427 5519 2952 4595 1976 5940 2981 1836 2685 5232 3286 1272 3452 6284 7438 5706 6199 5840 8719 2566 7875 8359 5343 7609 4268 638 5548 8784 25 5460 278 6820 407 5945 2980 7349 1307
