909
1 2
1 3
3 4
4 5
3 6
4 7
7 8
6 9
2 10
2 11
4 12
3 13
12 14
1 15
9 16
15 17
15 18
9 19
3 20
13 21
12 22
14 23
11 24
8 25
6 26
18 27
27 28
17 29
3 30
18 31
31 32
6 33
25 34
11 35
6 36
32 37
36 38
3 39
19 40
21 41
4 42
29 43
36 44
21 45
14 46
12 47
22 48
21 49
16 50
38 51
3 52
41 53
20 54
15 55
46 56
35 57
1 58
15 59
17 60
9 61
8 62
13 63
52 64
58 65
54 66
39 67
34 68
46 69
9 70
40 71
56 72
18 73
66 74
12 75
38 76
18 77
35 78
33 79
51 80
2 81
25 82
20 83
40 84
33 85
34 86
58 87
78 88
60 89
1 90
49 91
63 92
92 93
43 94
69 95
49 96
70 97
78 98
76 99
5 100
43 101
27 102
23 103
93 104
44 105
45 106
91 107
93 108
8 109
32 110
58 111
27 112
90 113
40 114
53 115
78 116
13 117
33 118
48 119
37 120
26 121
4 122
87 123
45 124
26 125
16 126
35 127
1 128
2 129
29 130
90 131
104 132
84 133
87 134
34 135
67 136
34 137
116 138
48 139
70 140
1 141
79 142
10 143
50 144
29 145
47 146
57 147
1 148
10 149
47 150
73 151
36 152
2 153
106 154
20 155
114 156
116 157
42 158
64 159
63 160
151 161
14 162
76 163
145 164
118 165
5 166
107 167
74 168
11 169
38 170
148 171
87 172
113 173
37 174
167 175
114 176
38 177
168 178
148 179
179 180
171 181
55 182
182 183
64 184
28 185
87 186
152 187
64 188
32 189
44 190
89 191
190 192
61 193
96 194
143 195
176 196
58 197
83 198
77 199
176 200
183 201
188 202
53 203
48 204
101 205
104 206
197 207
144 208
173 209
114 210
187 211
25 212
194 213
176 214
172 215
63 216
1 217
182 218
162 219
210 220
2 221
70 222
75 223
134 224
20 225
98 226
53 227
114 228
194 229
221 230
164 231
169 232
84 233
26 234
79 235
187 236
49 237
177 238
155 239
144 240
36 241
108 242
83 243
130 244
9 245
204 246
198 247
69 248
73 249
137 250
78 251
33 252
227 253
92 254
224 255
195 256
23 257
195 258
237 259
243 260
55 261
248 262
34 263
151 264
43 265
157 266
54 267
13 268
70 269
206 270
16 271
250 272
175 273
245 274
82 275
257 276
219 277
242 278
198 279
122 280
85 281
74 282
161 283
260 284
278 285
106 286
11 287
197 288
191 289
63 290
96 291
271 292
266 293
172 294
52 295
218 296
139 297
186 298
207 299
65 300
49 301
189 302
184 303
285 304
136 305
216 306
112 307
122 308
15 309
305 310
283 311
191 312
35 313
153 314
234 315
101 316
128 317
65 318
43 319
126 320
148 321
279 322
148 323
266 324
214 325
12 326
129 327
220 328
10 329
287 330
14 331
50 332
236 333
116 334
201 335
331 336
172 337
251 338
22 339
305 340
303 341
267 342
83 343
212 344
237 345
272 346
237 347
3 348
158 349
277 350
133 351
247 352
92 353
80 354
295 355
59 356
128 357
262 358
228 359
176 360
106 361
232 362
212 363
237 364
140 365
160 366
186 367
347 368
285 369
363 370
201 371
82 372
139 373
207 374
264 375
299 376
340 377
375 378
75 379
313 380
321 381
88 382
49 383
255 384
46 385
25 386
45 387
60 388
383 389
237 390
218 391
365 392
263 393
32 394
38 395
64 396
156 397
245 398
276 399
71 400
187 401
142 402
402 403
362 404
283 405
306 406
321 407
175 408
269 409
123 410
73 411
368 412
394 413
345 414
8 415
263 416
148 417
174 418
30 419
396 420
21 421
209 422
243 423
242 424
20 425
352 426
170 427
160 428
374 429
243 430
377 431
195 432
321 433
376 434
57 435
149 436
67 437
240 438
69 439
241 440
202 441
41 442
2 443
144 444
320 445
80 446
420 447
262 448
155 449
258 450
280 451
275 452
301 453
429 454
286 455
26 456
210 457
135 458
293 459
77 460
152 461
307 462
383 463
324 464
119 465
461 466
105 467
446 468
266 469
227 470
318 471
50 472
131 473
221 474
459 475
399 476
79 477
212 478
185 479
331 480
464 481
152 482
50 483
105 484
322 485
396 486
309 487
211 488
431 489
258 490
180 491
378 492
304 493
41 494
303 495
296 496
484 497
148 498
385 499
95 500
219 501
68 502
190 503
349 504
392 505
189 506
476 507
309 508
292 509
330 510
394 511
9 512
336 513
298 514
44 515
485 516
228 517
421 518
145 519
407 520
129 521
333 522
428 523
414 524
287 525
480 526
244 527
520 528
84 529
102 530
367 531
419 532
347 533
148 534
36 535
307 536
502 537
481 538
27 539
416 540
337 541
419 542
131 543
296 544
516 545
394 546
276 547
344 548
221 549
196 550
57 551
150 552
12 553
409 554
120 555
17 556
450 557
78 558
317 559
542 560
521 561
33 562
354 563
117 564
105 565
506 566
62 567
246 568
237 569
69 570
202 571
4 572
429 573
573 574
6 575
252 576
520 577
326 578
485 579
441 580
144 581
263 582
111 583
574 584
48 585
433 586
255 587
559 588
93 589
20 590
190 591
511 592
377 593
85 594
364 595
318 596
422 597
546 598
518 599
470 600
116 601
267 602
77 603
61 604
223 605
3 606
115 607
395 608
524 609
300 610
455 611
473 612
575 613
547 614
62 615
608 616
133 617
5 618
595 619
291 620
312 621
30 622
39 623
349 624
575 625
10 626
258 627
278 628
595 629
37 630
244 631
384 632
507 633
127 634
318 635
5 636
244 637
201 638
566 639
284 640
530 641
425 642
580 643
89 644
165 645
322 646
252 647
96 648
486 649
551 650
360 651
378 652
215 653
91 654
181 655
67 656
418 657
566 658
357 659
442 660
266 661
333 662
452 663
217 664
68 665
633 666
536 667
624 668
128 669
303 670
107 671
258 672
322 673
65 674
479 675
663 676
394 677
316 678
564 679
75 680
238 681
658 682
412 683
307 684
375 685
230 686
452 687
393 688
71 689
332 690
524 691
590 692
482 693
396 694
43 695
7 696
213 697
388 698
437 699
574 700
434 701
53 702
350 703
95 704
325 705
231 706
603 707
627 708
410 709
587 710
710 711
436 712
426 713
29 714
9 715
445 716
670 717
629 718
94 719
47 720
374 721
654 722
259 723
642 724
395 725
211 726
364 727
388 728
567 729
138 730
58 731
374 732
430 733
106 734
110 735
80 736
70 737
248 738
192 739
602 740
323 741
417 742
54 743
303 744
306 745
271 746
285 747
476 748
194 749
120 750
273 751
156 752
747 753
85 754
15 755
282 756
329 757
392 758
413 759
634 760
15 761
30 762
220 763
699 764
189 765
78 766
96 767
399 768
371 769
8 770
724 771
92 772
661 773
48 774
165 775
653 776
561 777
388 778
270 779
403 780
162 781
646 782
130 783
67 784
456 785
399 786
399 787
777 788
139 789
374 790
513 791
69 792
683 793
449 794
471 795
145 796
705 797
67 798
653 799
51 800
168 801
756 802
754 803
540 804
263 805
565 806
653 807
499 808
757 809
399 810
655 811
199 812
598 813
540 814
373 815
281 816
103 817
391 818
375 819
572 820
95 821
539 822
702 823
143 824
330 825
241 826
84 827
574 828
265 829
342 830
625 831
601 832
88 833
812 834
751 835
163 836
250 837
517 838
708 839
343 840
252 841
128 842
494 843
568 844
491 845
591 846
764 847
111 848
538 849
755 850
164 851
464 852
239 853
660 854
226 855
479 856
226 857
510 858
285 859
688 860
192 861
76 862
858 863
549 864
314 865
836 866
293 867
602 868
466 869
158 870
624 871
746 872
130 873
671 874
707 875
134 876
393 877
597 878
550 879
423 880
254 881
871 882
815 883
572 884
432 885
156 886
684 887
474 888
349 889
611 890
888 891
747 892
125 893
705 894
167 895
619 896
242 897
586 898
377 899
315 900
592 901
686 902
828 903
786 904
278 905
288 906
706 907
53 908
847 909
725 9684 8769 9205 5083 6880 7523 5692 3714 8192 7687 8193 2903 669 1077 2710 5666 8439 6189 6289 614 555 8785 4720 6046 8082 1179 8493 9993 2732 8533 5936 4331 5820 7862 182 7204 6209 7778 2741 2993 3856 9603 1041 3768 8563 4474 5979 702 6545 2485 5388 9681 6226 3847 4530 4636 7617 3008 3509 9269 9705 6138 8801 3049 7634 279 7867 8632 1508 7092 9635 8172 9109 3688 3609 5230 9297 8429 1613 6103 9081 8208 6686 5615 1028 9478 56 5335 5092 977 9720 7771 8694 5774 6488 3395 6572 7704 4402 4508 6520 45 3162 8193 587 8346 1751 5117 764 257 3152 9660 6554 3916 8715 365 9273 9679 6994 1361 4378 582 3764 4304 9843 743 7659 4949 9928 2204 5034 2106 2032 8256 2714 196 2092 9270 9947 9885 5214 5509 6208 5252 5741 2341 6056 9721 5236 1002 9352 4618 2393 1718 1794 3546 6125 9518 3048 8952 7098 1481 4826 1267 2626 3679 3780 1555 4267 5352 4658 3896 3804 6508 4858 2411 1432 265 8775 3245 7930 5470 6835 9370 1531 7591 2811 6101 5557 2761 5003 8908 7667 7599 231 4589 9728 5828 8130 7082 5025 7468 5359 5035 8852 2960 5458 8600 9350 9217 14 8161 7084 8395 7834 2651 3058 8427 262 6222 6925 4614 4605 4977 5688 9128 1287 600 6891 8089 9930 8695 5797 6715 7683 6801 7616 7185 7375 4893 1966 5190 8223 6089 4490 9961 5498 2220 6670 2083 633 1508 8692 4706 8306 1635 946 2765 2866 6784 3656 6350 6879 4954 2006 3048 2450 9557 3510 197 6186 6183 6284 9232 2617 8097 8139 2513 1626 9090 2811 1976 115 4661 5246 351 6096 2544 7928 1269 2982 6951 6660 3493 2874 7777 4973 1578 8835 6877 376 7297 2425 6285 1765 2504 914 499 9777 6326 4073 6905 3677 214 997 3079 4742 542 7466 3515 4368 6827 3366 8426 7409 460 6903 6029 2216 5359 4470 9982 70 7239 1128 1887 8346 5563 1753 7571 3178 7797 8995 770 9456 9095 2420 3809 126 6704 5562 5439 3881 8317 8658 3477 7391 5172 1051 1815 7929 265 9570 4227 2536 2943 5036 5390 2905 8973 2882 3013 29 8064 2014 9511 7464 5979 1365 7897 3142 9656 6775 8955 3613 8771 6390 7523 5972 7960 25 4317 3806 4414 9181 3226 2983 3519 9846 9575 1193 6196 1638 573 7267 8336 7552 4294 8430 3674 4130 4239 3766 4988 7266 8670 1353 3394 2917 9129 7952 1396 7977 3148 451 1269 8349 2814 8466 5525 5546 3684 8506 9709 9426 6325 4197 504 3629 3628 908 3814 3736 9709 4598 5949 2717 2330 367 7126 5978 1304 4452 9433 863 280 6916 7159 593 4041 2161 7162 1083 6535 2019 677 142 733 6864 9845 8642 7760 1986 5559 8797 7735 5835 848 8014 5798 6131 6315 7029 3846 1433 3585 5762 8803 2308 8159 7229 8931 9308 7495 1565 3571 5444 1113 614 4439 3355 3761 9902 305 2342 3723 5432 7912 2114 7896 2165 5967 4172 7491 2661 2259 8583 4148 7253 4272 9245 1788 751 7335 1113 7987 6796 7043 7541 2047 2886 535 1338 4561 7727 6163 2901 6854 6631 4415 3556 1529 5611 5234 6990 7337 1258 391 9438 903 4735 5293 5157 8865 6845 183 7000 6964 6504 9925 2770 9806 381 7879 5893 2201 5646 9384 2001 4039 2323 1242 9842 6257 5272 8109 7185 831 2728 3589 3889 4798 5904 5714 8141 4369 2289 6534 3622 2650 4005 297 3501 7368 3404 9803 2336 3024 5283 8624 9401 2793 9300 4587 3066 7944 5689 7725 4407 3560 8836 3381 7245 102 4183 5714 7997 8817 5188 3018 6086 2346 6673 7267 1748 878 9444 4314 8981 6029 750 4174 9328 1685 303 8776 436 9732 5281 5730 9371 372 9933 7010 6834 9527 2904 3156 9165 4511 6266 9366 7822 9036 4837 814 4912 9828 4401 4217 7724 3819 1742 1031 6431 3939 3178 5705 5428 854 3364 6126 1448 3730 2115 3902 6006 327 5367 5341 88 6919 9993 6265 1877 8714 7331 7041 572 9431 4250 4302 4041 1052 2508 6564 468 734 8419 3614 5209 7734 3986 7763 5769 8021 3303 3179 4829 9771 2893 1131 7387 4148 6054 914 2025 9485 7095 5510 6981 8743 644 1396 9014 8058 8894 9815 3565 9883 2345 9765 2722 827 4723 627 2203 5978 3607 3680 4131 9954 6693 274 1229 7893 8392 5737 4177 4051 1216 1537 6844 9291 2183 2921 2479 4811 7317 8976 4896 1644 4191 3356 3173 5554 5402 7581 363 4978 3561 1344 4959 4630 256 729 8272 4507 2661 1342 326 5975 64 713 3982 6066 6746 75 449 2022 7573 1175 7832 735 764 7868 2383 254 4743 4031 4526 4619 8604 6561 4042 7121 3254 9822 3862 4147 9037 4920 7690 9357 4971 3808 2662 6323 5320 1958 9864 3122 7272 5735 6226 2592 6134 7097 9010 6759 7120 5491 4961 7043 7190 3889 160 9330 6155 1665 855 7991 6275 2102 6534 1687 4933 5424 5268 3455 9187 8538 2133 9302 5748 843 3208 591 1184 4415 6528 5053 7186 3766 8211 6031 2917 86 9489 5100 9145 2219 6638 7990 7791 3193 8811 2354 8073 2956 3401 5853 9100 1341 7496 1384 1253 7681 506 4288 969 4820 4471 4600 6736 7869 8342 3790 8577 8222 3291 1293 3386 3504 3149 8396 1574 1232
