982
1 2
1 3
2 4
2 5
5 6
3 7
7 8
1 9
9 10
1 11
3 12
7 13
13 14
9 15
5 16
4 17
11 18
6 19
2 20
7 21
10 22
2 23
19 24
9 25
11 26
1 27
24 28
21 29
25 30
29 31
5 32
9 33
32 34
19 35
24 36
1 37
22 38
1 39
31 40
14 41
25 42
21 43
17 44
28 45
15 46
40 47
22 48
13 49
15 50
17 51
15 52
17 53
16 54
23 55
43 56
54 57
43 58
55 59
17 60
10 61
17 62
29 63
7 64
30 65
39 66
21 67
59 68
24 69
9 70
70 71
11 72
26 73
52 74
2 75
35 76
14 77
63 78
56 79
4 80
67 81
51 82
6 83
13 84
75 85
30 86
42 87
59 88
43 89
64 90
82 91
79 92
19 93
1 94
30 95
1 96
25 97
24 98
12 99
94 100
37 101
53 102
38 103
42 104
6 105
96 106
80 107
41 108
8 109
62 110
108 111
8 112
61 113
19 114
33 115
61 116
22 117
26 118
103 119
76 120
82 121
77 122
71 123
19 124
11 125
94 126
6 127
3 128
83 129
54 130
108 131
29 132
94 133
106 134
34 135
117 136
35 137
45 138
100 139
97 140
45 141
91 142
60 143
119 144
36 145
33 146
87 147
56 148
43 149
72 150
33 151
147 152
104 153
44 154
27 155
116 156
71 157
26 158
128 159
64 160
115 161
64 162
62 163
114 164
155 165
55 166
3 167
93 168
15 169
11 170
75 171
25 172
120 173
58 174
161 175
122 176
27 177
136 178
60 179
144 180
99 181
24 182
105 183
28 184
12 185
3 186
30 187
178 188
25 189
170 190
181 191
95 192
38 193
95 194
139 195
140 196
159 197
193 198
79 199
92 200
73 201
41 202
174 203
74 204
41 205
79 206
151 207
166 208
107 209
121 210
41 211
2 212
198 213
188 214
175 215
184 216
69 217
24 218
72 219
126 220
121 221
138 222
17 223
108 224
15 225
74 226
115 227
138 228
165 229
125 230
150 231
177 232
179 233
53 234
226 235
132 236
37 237
220 238
75 239
126 240
199 241
31 242
4 243
92 244
224 245
75 246
185 247
112 248
176 249
208 250
191 251
29 252
73 253
121 254
183 255
23 256
168 257
100 258
67 259
51 260
254 261
9 262
75 263
142 264
85 265
77 266
54 267
142 268
169 269
240 270
106 271
164 272
122 273
175 274
145 275
99 276
217 277
272 278
146 279
223 280
136 281
118 282
155 283
116 284
19 285
158 286
145 287
70 288
171 289
268 290
138 291
143 292
135 293
30 294
176 295
143 296
233 297
36 298
222 299
125 300
31 301
137 302
58 303
242 304
234 305
41 306
118 307
133 308
297 309
72 310
282 311
259 312
28 313
238 314
80 315
179 316
7 317
288 318
301 319
240 320
176 321
109 322
269 323
58 324
279 325
26 326
6 327
116 328
188 329
123 330
158 331
204 332
176 333
104 334
263 335
247 336
23 337
311 338
263 339
324 340
143 341
252 342
84 343
23 344
258 345
156 346
229 347
130 348
167 349
112 350
115 351
210 352
215 353
121 354
226 355
182 356
191 357
100 358
182 359
272 360
61 361
249 362
350 363
229 364
273 365
131 366
36 367
51 368
368 369
366 370
306 371
361 372
242 373
116 374
95 375
114 376
195 377
310 378
158 379
250 380
362 381
170 382
34 383
273 384
121 385
220 386
244 387
62 388
47 389
79 390
338 391
157 392
3 393
282 394
313 395
264 396
244 397
178 398
82 399
317 400
109 401
315 402
106 403
381 404
147 405
40 406
405 407
48 408
166 409
247 410
340 411
120 412
394 413
328 414
328 415
355 416
300 417
399 418
250 419
77 420
393 421
400 422
272 423
307 424
155 425
88 426
312 427
211 428
30 429
284 430
374 431
275 432
272 433
23 434
256 435
183 436
382 437
227 438
209 439
107 440
359 441
162 442
328 443
91 444
349 445
173 446
336 447
40 448
239 449
130 450
334 451
301 452
128 453
161 454
192 455
244 456
160 457
235 458
286 459
163 460
294 461
183 462
274 463
407 464
277 465
373 466
317 467
291 468
163 469
82 470
53 471
162 472
159 473
406 474
48 475
93 476
114 477
438 478
303 479
172 480
119 481
339 482
32 483
197 484
157 485
474 486
369 487
17 488
116 489
48 490
313 491
16 492
392 493
396 494
416 495
137 496
145 497
454 498
272 499
181 500
94 501
368 502
372 503
309 504
339 505
100 506
155 507
133 508
174 509
388 510
220 511
368 512
275 513
31 514
319 515
139 516
236 517
295 518
32 519
356 520
446 521
475 522
333 523
214 524
3 525
67 526
251 527
173 528
83 529
313 530
60 531
142 532
433 533
180 534
103 535
184 536
528 537
167 538
400 539
100 540
523 541
454 542
471 543
317 544
368 545
502 546
101 547
357 548
403 549
382 550
121 551
457 552
517 553
202 554
76 555
123 556
219 557
331 558
407 559
380 560
260 561
409 562
267 563
156 564
460 565
437 566
495 567
273 568
397 569
204 570
198 571
460 572
20 573
13 574
6 575
124 576
185 577
313 578
265 579
512 580
105 581
453 582
366 583
82 584
368 585
547 586
566 587
486 588
561 589
470 590
339 591
512 592
245 593
491 594
501 595
397 596
236 597
224 598
471 599
576 600
282 601
90 602
53 603
52 604
76 605
81 606
361 607
168 608
172 609
608 610
569 611
210 612
12 613
579 614
19 615
476 616
29 617
145 618
370 619
553 620
65 621
393 622
24 623
576 624
485 625
591 626
436 627
121 628
232 629
83 630
546 631
332 632
218 633
60 634
513 635
395 636
476 637
347 638
636 639
619 640
451 641
515 642
563 643
282 644
390 645
88 646
361 647
121 648
315 649
644 650
115 651
253 652
595 653
383 654
551 655
395 656
392 657
638 658
79 659
405 660
263 661
161 662
257 663
461 664
425 665
101 666
10 667
438 668
52 669
279 670
263 671
586 672
571 673
389 674
210 675
613 676
472 677
522 678
424 679
613 680
468 681
225 682
393 683
594 684
34 685
301 686
180 687
159 688
495 689
617 690
504 691
662 692
600 693
634 694
557 695
141 696
635 697
574 698
163 699
116 700
238 701
680 702
437 703
291 704
660 705
683 706
158 707
261 708
525 709
305 710
651 711
182 712
646 713
307 714
266 715
671 716
387 717
83 718
585 719
230 720
117 721
715 722
322 723
402 724
253 725
554 726
538 727
296 728
166 729
120 730
730 731
213 732
96 733
134 734
475 735
231 736
582 737
242 738
208 739
579 740
363 741
19 742
384 743
343 744
637 745
275 746
285 747
551 748
266 749
726 750
416 751
502 752
193 753
660 754
144 755
28 756
235 757
53 758
728 759
17 760
388 761
380 762
538 763
557 764
764 765
163 766
167 767
439 768
44 769
33 770
397 771
339 772
501 773
5 774
542 775
92 776
760 777
130 778
600 779
657 780
553 781
98 782
31 783
640 784
205 785
27 786
98 787
69 788
704 789
392 790
119 791
723 792
254 793
528 794
195 795
415 796
593 797
460 798
261 799
263 800
119 801
692 802
211 803
253 804
33 805
610 806
782 807
167 808
426 809
559 810
306 811
195 812
662 813
675 814
684 815
652 816
206 817
545 818
296 819
533 820
244 821
84 822
712 823
769 824
464 825
184 826
315 827
141 828
413 829
202 830
502 831
649 832
37 833
412 834
531 835
77 836
409 837
381 838
91 839
311 840
310 841
554 842
88 843
109 844
549 845
481 846
248 847
454 848
606 849
236 850
676 851
594 852
434 853
733 854
301 855
787 856
102 857
468 858
344 859
341 860
454 861
393 862
788 863
244 864
70 865
363 866
565 867
806 868
566 869
708 870
202 871
91 872
99 873
340 874
731 875
205 876
842 877
58 878
44 879
336 880
45 881
458 882
154 883
853 884
497 885
727 886
31 887
613 888
300 889
575 890
167 891
538 892
156 893
209 894
44 895
241 896
632 897
570 898
584 899
227 900
285 901
387 902
420 903
136 904
227 905
392 906
253 907
383 908
300 909
664 910
899 911
796 912
349 913
352 914
304 915
319 916
151 917
294 918
703 919
641 920
370 921
818 922
797 923
889 924
890 925
792 926
709 927
38 928
588 929
715 930
400 931
465 932
427 933
756 934
598 935
10 936
464 937
676 938
17 939
857 940
349 941
93 942
71 943
323 944
344 945
704 946
813 947
867 948
233 949
483 950
191 951
570 952
413 953
315 954
221 955
325 956
592 957
953 958
206 959
173 960
700 961
26 962
447 963
135 964
552 965
362 966
550 967
790 968
150 969
762 970
354 971
135 972
267 973
879 974
479 975
875 976
798 977
164 978
29 979
911 980
744 981
680 982
840 9186 5951 8125 5396 7303 3641 388 4072 8081 460 445 1939 1204 577 4737 2512 3282 6770 665 8109 5367 6896 1294 8054 2135 7244 8481 8824 194 9760 7881 9478 1616 926 7697 8191 3127 6479 888 6025 9468 4058 6896 9122 3475 8984 8363 5387 2425 6717 9301 9636 7775 6359 7448 4239 9698 1166 748 1861 2338 2253 4590 7502 1666 340 6593 4624 8623 5381 2214 1440 7697 6665 2182 7723 8939 6048 4063 7231 1501 1916 54 7866 4278 7096 1442 4828 2144 6040 4120 6230 4038 8868 398 9409 8064 7918 1951 7157 7188 1640 679 2775 8021 9811 2382 7207 3800 9109 2856 2825 6379 1863 2069 3682 88 8900 8260 5131 755 8180 6768 6903 6216 4621 4426 3415 5182 3878 8519 4030 4116 4112 2941 3484 3197 4755 5052 8796 8259 1586 5395 1211 9204 4613 1325 4666 8561 2643 9781 9322 5323 5616 7969 2501 9516 1960 6485 1385 6322 8837 1209 7335 3162 2955 7099 4306 9335 7906 8641 6113 9817 2346 643 7834 8841 4943 7302 3952 6375 4915 4359 4760 8487 9642 4974 4471 5425 7422 1067 5974 5680 8490 1909 6477 6015 9137 2600 1556 7450 8665 526 5802 6217 2102 2526 8853 2767 2418 311 3899 9413 8385 3363 5730 6304 7373 5685 4217 1549 2655 8481 9002 3885 6527 1367 2337 3371 679 449 7004 2560 363 6227 2841 5581 6856 4472 9743 816 6699 1819 7122 9071 1022 4398 6247 3988 3173 3092 3029 5064 2237 7390 5681 2389 6958 2668 1416 7197 7388 9944 761 3361 8570 1729 9674 4869 5399 8728 8039 7665 3488 3419 2745 7341 1406 1469 7918 6990 6009 6808 8288 6680 7254 4509 6379 6132 9365 6302 2137 7412 5374 3729 77 9941 5126 1699 3575 7805 2917 9216 1317 2560 7018 9966 4709 3705 9544 7077 5692 8000 4211 4696 381 373 5856 8426 825 8120 6121 1195 3681 2487 6419 40 4867 3808 2102 9277 9032 6337 3749 4528 8472 5462 1013 4071 9682 2105 1078 6113 8374 3987 362 2276 3983 1188 8089 6352 8688 149 6588 6233 8223 4584 8217 5575 8706 5161 336 6599 7348 4727 5746 1259 1206 6476 2944 9430 8802 1711 7052 1896 343 5116 7736 4969 5726 1115 1628 303 5229 8629 4757 5533 2480 4901 3988 474 4009 9733 8492 7651 5640 899 7235 5973 603 5298 3363 8846 4397 1097 234 26 964 4483 4541 311 6138 120 2797 8340 6213 4857 1511 6575 8042 1680 3394 8473 9657 1106 5939 9439 130 8849 2296 6995 5638 7326 1155 7757 3497 199 2697 4805 1305 4675 424 5847 1826 17 4518 1820 8219 6114 1737 9746 9308 9306 6226 2583 5502 871 9579 1680 6961 9894 2137 7990 3078 5558 3254 9488 8053 9006 412 1464 7346 2546 6427 3686 5198 9481 8046 4899 5171 571 6582 8437 5899 6324 2893 1334 7347 7670 7215 5061 1148 1317 9332 8672 5276 9094 9113 5439 1734 1086 1920 2788 9466 7955 2163 7208 4014 5352 8766 338 5573 5128 6886 3477 8356 8214 9227 4848 7646 4030 8487 5122 5399 3252 277 9163 7539 970 4704 3778 1276 9888 6817 8798 3231 725 2814 8336 3956 55 985 7476 482 8568 5840 6592 3728 6525 3000 418 5564 7232 3427 2629 4857 9307 1109 2398 4635 5204 8356 8370 8374 7087 6194 8597 763 4860 2220 9222 2030 6094 6380 1621 51 8458 897 3815 367 6155 1244 8429 5820 7804 3810 7807 2662 333 7375 9951 8412 2139 9999 803 4369 2587 5858 825 883 3849 5745 3587 4894 7611 2363 8690 6394 7327 3660 5314 688 3287 1972 582 124 2667 3806 8499 6973 109 3400 5471 155 4335 6277 515 6937 845 4293 456 1895 2744 2456 715 6559 5212 248 1891 1831 2839 8945 392 6110 1231 4061 7051 7476 6719 3718 9261 917 4512 5537 3816 8378 5008 5939 4911 9894 4705 1707 5208 6856 8820 4017 5951 6594 7255 8665 9734 8516 8376 7743 4777 2610 5870 5113 1961 8138 3120 4293 3770 7479 5575 9668 4047 2615 8702 4600 7594 8097 3266 3625 2326 797 8950 8256 4225 847 7950 265 3101 2820 598 3002 7449 5728 1703 2459 9706 6546 3664 2121 8626 516 7937 2936 2926 3105 8836 9194 9774 3507 6257 2348 6524 8756 993 3043 6351 9515 7665 7085 1467 4539 3888 5915 3220 9620 5578 6898 9965 6286 9881 6497 2185 3188 1776 558 6046 5250 1092 8863 1300 436 1681 4986 4144 2692 322 6694 1340 1436 2847 7308 8401 5817 3473 3044 4445 6256 6252 6401 4229 6560 2009 4027 549 3220 6917 1047 7995 5296 2209 5840 6119 9311 7582 1761 7206 3289 2757 3135 9799 1659 3475 2429 9507 3564 396 9749 9316 629 6845 5932 4031 1791 6311 8056 5381 256 4282 7500 8053 3042 3629 7936 8596 5102 1583 3768 5596 1926 8410 4101 2148 3034 6438 596 9925 2967 3814 6937 5272 3674 166 6354 5639 97 971 4195 6657 1179 3082 7798 1984 8420 9815 9616 1779 1027 5856 2022 9988 5271 5411 7380 5643 5970 5583 7924 7759 5230 6306 1128 111 3142 4013 9496 6920 6835 4622 3432 5959 6021 7557 1504 6604 9792 4665 1622 4938 8189 8944 1039 7864 7577 4592 7183 2426 9054 2085 9938 5977 6431 5437 9830 723 7063 9752 7756 6970 7574 5150 4952 4401 6304 6714 3061 4623 2457 2022 8551 6336 885 1644 332 8301 1731 3835 6665 4285 3277 2664 2159 9553 1018 8925 8981 3367 2807 8768 8057 1060 9088 7163 2390 9130 658 7064 7729 7416 9517 9373 4619 5309 5424 3592 6353 2298 6464 7450 8472 3387 9937 5386 1893 5442 378 1189 3194 9576 8045 8513 1428 7711 3447 9100 9572 8664 8445 3447 978 9924 6558 5780 6907 7466 9107 6252
