969
1 2
1 3
2 4
3 5
4 6
5 7
4 8
5 9
4 10
10 11
3 12
7 13
6 14
6 15
8 16
11 17
13 18
11 19
16 20
9 21
14 22
2 23
21 24
21 25
11 26
16 27
16 28
2 29
5 30
26 31
29 32
11 33
19 34
19 35
6 36
17 37
32 38
34 39
26 40
4 41
29 42
1 43
6 44
32 45
19 46
27 47
20 48
45 49
33 50
33 51
21 52
39 53
45 54
53 55
54 56
44 57
40 58
6 59
3 60
29 61
47 62
22 63
35 64
51 65
45 66
12 67
21 68
22 69
17 70
7 71
59 72
24 73
67 74
9 75
43 76
37 77
38 78
14 79
36 80
69 81
51 82
56 83
19 84
45 85
57 86
58 87
4 88
49 89
40 90
13 91
35 92
62 93
28 94
68 95
3 96
45 97
50 98
25 99
54 100
76 101
44 102
34 103
78 104
101 105
7 106
30 107
53 108
57 109
43 110
55 111
107 112
46 113
14 114
22 115
44 116
48 117
56 118
24 119
65 120
21 121
54 122
73 123
105 124
107 125
47 126
64 127
45 128
48 129
71 130
7 131
121 132
66 133
1 134
43 135
2 136
64 137
112 138
81 139
76 140
119 141
56 142
21 143
119 144
108 145
22 146
140 147
12 148
131 149
111 150
121 151
59 152
6 153
4 154
65 155
31 156
85 157
36 158
121 159
39 160
45 161
41 162
24 163
145 164
140 165
68 166
39 167
135 168
92 169
5 170
82 171
63 172
48 173
87 174
87 175
84 176
79 177
86 178
1 179
86 180
85 181
26 182
30 183
26 184
140 185
152 186
104 187
56 188
135 189
160 190
72 191
73 192
82 193
100 194
16 195
142 196
19 197
27 198
52 199
190 200
95 201
197 202
97 203
104 204
83 205
96 206
1 207
9 208
117 209
52 210
206 211
78 212
191 213
196 214
184 215
10 216
117 217
199 218
71 219
90 220
160 221
46 222
132 223
144 224
70 225
53 226
204 227
179 228
114 229
51 230
29 231
68 232
107 233
187 234
200 235
156 236
89 237
230 238
93 239
109 240
32 241
224 242
129 243
177 244
52 245
16 246
198 247
174 248
210 249
41 250
125 251
145 252
236 253
178 254
20 255
11 256
134 257
204 258
186 259
144 260
202 261
169 262
142 263
29 264
117 265
37 266
137 267
185 268
114 269
77 270
3 271
201 272
160 273
248 274
207 275
56 276
210 277
18 278
224 279
185 280
120 281
93 282
170 283
156 284
56 285
116 286
157 287
4 288
144 289
265 290
215 291
131 292
198 293
162 294
242 295
292 296
275 297
278 298
31 299
190 300
36 301
121 302
252 303
291 304
68 305
131 306
195 307
89 308
182 309
298 310
179 311
288 312
144 313
285 314
40 315
38 316
246 317
38 318
145 319
112 320
177 321
133 322
139 323
108 324
170 325
73 326
255 327
292 328
149 329
227 330
246 331
264 332
72 333
83 334
296 335
183 336
102 337
227 338
123 339
246 340
302 341
177 342
25 343
179 344
338 345
56 346
149 347
302 348
306 349
305 350
255 351
269 352
54 353
163 354
43 355
325 356
76 357
42 358
108 359
156 360
237 361
34 362
260 363
194 364
10 365
287 366
148 367
360 368
240 369
109 370
340 371
209 372
101 373
115 374
149 375
20 376
26 377
16 378
89 379
100 380
223 381
12 382
246 383
251 384
65 385
6 386
96 387
17 388
68 389
260 390
167 391
348 392
352 393
221 394
70 395
177 396
113 397
365 398
211 399
185 400
339 401
390 402
111 403
114 404
351 405
297 406
229 407
321 408
371 409
406 410
98 411
374 412
304 413
359 414
210 415
34 416
188 417
25 418
268 419
295 420
168 421
205 422
83 423
33 424
279 425
99 426
33 427
324 428
298 429
14 430
192 431
183 432
265 433
65 434
144 435
13 436
134 437
131 438
17 439
418 440
342 441
117 442
175 443
425 444
153 445
179 446
302 447
399 448
189 449
236 450
152 451
17 452
284 453
107 454
379 455
66 456
102 457
312 458
174 459
277 460
23 461
448 462
263 463
393 464
231 465
403 466
5 467
404 468
275 469
255 470
429 471
430 472
354 473
218 474
390 475
183 476
474 477
433 478
125 479
92 480
327 481
190 482
51 483
219 484
150 485
263 486
364 487
281 488
253 489
322 490
83 491
465 492
298 493
207 494
206 495
438 496
345 497
177 498
97 499
245 500
331 501
129 502
106 503
459 504
232 505
376 506
151 507
402 508
353 509
494 510
26 511
90 512
233 513
441 514
88 515
155 516
277 517
419 518
261 519
281 520
25 521
180 522
133 523
67 524
273 525
316 526
25 527
8 528
300 529
40 530
234 531
186 532
431 533
74 534
85 535
320 536
368 537
517 538
2 539
449 540
52 541
65 542
469 543
142 544
502 545
347 546
212 547
462 548
348 549
167 550
290 551
235 552
57 553
378 554
260 555
21 556
43 557
242 558
303 559
276 560
506 561
336 562
270 563
292 564
421 565
42 566
248 567
57 568
214 569
272 570
435 571
28 572
485 573
219 574
354 575
70 576
300 577
301 578
385 579
12 580
39 581
129 582
560 583
582 584
503 585
227 586
346 587
533 588
583 589
101 590
197 591
458 592
587 593
63 594
21 595
228 596
192 597
278 598
211 599
275 600
373 601
43 602
570 603
486 604
31 605
34 606
502 607
484 608
77 609
550 610
375 611
74 612
330 613
332 614
234 615
35 616
367 617
543 618
138 619
600 620
599 621
592 622
46 623
162 624
51 625
459 626
309 627
533 628
310 629
355 630
333 631
198 632
7 633
344 634
371 635
346 636
252 637
155 638
349 639
221 640
247 641
324 642
282 643
642 644
576 645
192 646
490 647
523 648
68 649
407 650
545 651
125 652
33 653
433 654
276 655
181 656
427 657
235 658
225 659
6 660
48 661
509 662
249 663
151 664
210 665
27 666
254 667
78 668
639 669
97 670
233 671
76 672
127 673
345 674
357 675
268 676
557 677
167 678
321 679
524 680
101 681
554 682
303 683
68 684
601 685
568 686
151 687
314 688
60 689
362 690
6 691
265 692
257 693
140 694
97 695
349 696
611 697
513 698
57 699
520 700
676 701
701 702
308 703
586 704
412 705
239 706
166 707
584 708
177 709
228 710
8 711
295 712
579 713
340 714
152 715
346 716
491 717
574 718
349 719
466 720
640 721
702 722
365 723
371 724
305 725
339 726
96 727
297 728
49 729
99 730
696 731
601 732
348 733
458 734
711 735
724 736
17 737
62 738
577 739
398 740
331 741
592 742
660 743
465 744
349 745
570 746
607 747
694 748
41 749
716 750
191 751
155 752
98 753
227 754
262 755
69 756
175 757
724 758
428 759
242 760
632 761
693 762
436 763
435 764
180 765
96 766
21 767
74 768
381 769
250 770
471 771
723 772
410 773
430 774
754 775
5 776
405 777
692 778
313 779
127 780
752 781
696 782
254 783
688 784
466 785
648 786
519 787
747 788
364 789
80 790
291 791
25 792
598 793
669 794
153 795
2 796
403 797
493 798
426 799
352 800
522 801
770 802
587 803
5 804
38 805
751 806
324 807
224 808
608 809
808 810
28 811
693 812
561 813
360 814
322 815
161 816
350 817
475 818
144 819
116 820
34 821
505 822
570 823
801 824
216 825
567 826
424 827
419 828
451 829
156 830
501 831
701 832
194 833
677 834
745 835
156 836
25 837
746 838
754 839
753 840
314 841
744 842
797 843
43 844
239 845
437 846
348 847
422 848
786 849
635 850
465 851
127 852
651 853
297 854
505 855
759 856
32 857
851 858
676 859
91 860
346 861
399 862
725 863
345 864
721 865
223 866
559 867
549 868
316 869
702 870
416 871
330 872
639 873
246 874
402 875
709 876
415 877
858 878
68 879
83 880
272 881
143 882
105 883
365 884
217 885
358 886
75 887
167 888
215 889
8 890
592 891
274 892
443 893
8 894
869 895
17 896
303 897
568 898
551 899
362 900
659 901
898 902
458 903
721 904
200 905
707 906
845 907
553 908
799 909
294 910
656 911
362 912
194 913
254 914
709 915
771 916
600 917
426 918
3 919
606 920
628 921
848 922
233 923
824 924
498 925
98 926
512 927
99 928
389 929
655 930
269 931
237 932
784 933
841 934
884 935
134 936
861 937
164 938
503 939
893 940
410 941
731 942
872 943
374 944
743 945
745 946
95 947
157 948
916 949
84 950
334 951
629 952
813 953
150 954
427 955
798 956
271 957
660 958
384 959
835 960
531 961
937 962
37 963
398 964
277 965
164 966
373 967
156 968
27 969
1210 6551 8004 6759 7549 267 8008 7884 7750 9810 782 9023 7249 8142 5718 2882 1930 4661 2515 1596 8519 8034 7314 7611 4766 6161 5421 2873 5207 2750 3383 1748 9475 5511 3711 3268 8122 5151 4987 9074 3149 2883 4125 9812 6288 6428 9765 5921 3480 5917 7708 180 5361 7064 4798 8483 9412 954 4734 6431 3932 8070 1365 8728 5612 276 4817 6156 7090 4435 4795 3708 3257 428 6835 2663 939 9286 7045 955 9084 8211 4581 1546 2637 4630 4366 2181 3510 1251 9857 337 4026 5981 86 1599 5579 8620 2834 9280 6820 1631 4503 7705 4460 1397 460 7537 3030 6954 8251 6370 2991 4711 5231 2340 5249 5190 1586 1835 7962 6667 6120 4309 1793 2623 9005 6425 5291 5553 2128 6728 7889 49 4119 3633 3747 9984 9060 4496 5403 60 1634 5582 4148 3553 1613 5630 2283 2510 6860 3208 9540 7397 5686 1370 6182 5729 1355 3956 8479 8355 6439 3029 8633 2431 6195 3679 2954 3082 5423 6512 4106 5794 9732 1031 7508 449 3516 7956 6255 2305 2987 965 192 7136 6751 5169 7052 287 2252 7322 9988 3412 2484 2093 6519 4243 7219 1087 5511 2140 112 6390 2780 7283 1401 3708 2818 4961 3274 1069 3837 4041 1380 1525 1780 7259 4456 9678 5431 3469 6533 7469 417 1396 838 405 1359 4577 6421 1187 1922 3910 6015 3338 4358 4438 7896 2830 254 2710 8460 4963 1401 6253 5797 3457 9399 3389 6306 4247 121 2830 9190 3122 9707 5296 6148 9984 730 9585 3008 4763 6790 734 244 1985 5479 4595 3337 4833 6426 5008 2707 3474 7619 216 1796 8699 2566 7278 6668 3547 1309 7119 2215 9989 3541 316 7052 6444 583 9161 7606 4321 3643 9492 5467 7254 6471 865 5001 8850 1922 5821 7274 2849 7670 8509 5106 601 3455 2092 7643 3693 9469 7764 1938 7429 7714 9882 5226 3841 8951 7268 2920 6936 7011 3319 3724 8352 1760 8181 9600 3472 2662 1662 1171 2143 1263 6828 1274 8542 7410 4387 9356 4999 8575 5398 5706 1367 4783 7525 1185 9076 3590 6911 1682 1255 8057 3476 860 2093 8567 2174 5929 5727 5479 4346 3386 5905 3629 9222 132 8500 6892 2793 1050 4159 5942 6119 9345 8213 4091 2196 5594 6273 5459 6303 5566 1105 8443 1685 9216 3886 2260 9612 4926 3061 6484 7103 310 2903 1514 8094 5783 6502 8286 8119 6299 1148 837 6492 3086 9 7525 3210 8069 5961 6830 1956 9815 1633 9075 8425 6135 1519 6167 3087 3526 7058 649 2734 2512 3939 7309 8744 8703 3016 7148 7115 4797 8113 4336 5729 8271 3060 7076 2153 1927 7565 5752 8018 6547 5549 1804 4422 7952 6834 5788 9764 1543 6124 8025 6616 8198 14 2280 7184 8526 2715 679 1126 8041 7213 3558 8418 4345 1207 3226 6780 4473 6415 4532 6384 5351 9857 8515 7353 7456 3315 5748 6894 7259 6499 2165 3548 8816 4907 1327 3015 2418 1800 36 3325 4260 7381 7406 1191 6623 5979 6511 2323 4250 3827 5945 7275 4068 818 1057 3896 7309 1438 4596 1470 6461 5558 1294 7660 2863 9356 6462 4089 8411 6405 4593 6071 3780 5980 7365 6887 5613 3119 4033 9081 4218 5309 2068 7057 9750 9939 6467 3364 5738 6882 4312 8675 2979 2889 1246 5843 1673 9564 6851 7386 2518 5179 9885 7141 3597 2752 1691 3555 7328 1115 6910 2025 6944 7445 3687 8389 2061 7658 8009 4929 8905 5706 7977 8784 1423 9682 2613 6235 6800 1109 5323 7897 3489 2398 9253 4909 9968 3123 1552 553 8550 2019 3472 428 5968 5293 7514 3267 6101 4444 289 2071 1399 3422 2758 2623 375 7212 8180 2041 2499 2473 3868 8169 6658 3698 9324 6660 490 570 3385 2722 5930 2730 3681 9968 3979 3465 1631 6831 6089 795 9288 7081 7350 8927 8256 4093 3098 4252 4959 2082 5574 1052 7642 3984 2353 8192 8341 1223 144 223 2633 2527 5300 2828 5543 5744 501 4770 6703 1457 5512 1014 8380 3677 4163 6226 2208 3208 5295 8994 7570 5070 7033 4531 1625 880 2476 6604 653 9720 4303 8164 7301 3253 3161 4063 12 5699 7690 789 854 7510 7822 3120 8022 9166 5353 6908 7214 8777 7263 9519 3884 2928 6007 3353 8736 8821 5145 4689 594 2197 4905 8156 4313 3754 1882 1840 2046 7154 4617 2257 1842 7408 2609 9240 429 9715 9224 9690 1034 5608 5311 6816 8890 7205 9497 5770 667 5448 6840 9204 1045 7796 5174 7873 5214 419 8753 6889 6190 7913 7526 2860 7755 3462 9973 6217 2855 2820 6025 2568 1529 5867 3822 83 3521 3246 8034 3134 1654 3324 7103 4774 1199 2138 5571 3679 9926 1725 6264 6567 6606 222 2133 1897 9364 30 4752 9875 5789 6658 4023 2807 8259 5025 8978 5276 2490 6201 9902 6250 8228 1574 2062 9175 1381 2320 9517 7040 7219 7930 7782 8558 9432 6158 7852 3048 1520 401 3421 829 7757 7020 133 4047 1942 8134 2452 7835 2429 6034 1373 3302 6917 2722 2005 3069 4576 9088 6159 1291 2566 2752 5027 6326 4254 2440 2117 6000 1220 3352 2829 9099 6921 6506 9552 7116 6126 1408 7646 4398 677 7636 5321 9719 5802 9865 4795 5935 6171 9320 2540 3510 7265 3854 4697 4917 6763 9305 8958 1183 7019 3045 3301 6098 7703 6180 6219 1140 2422 9262 2756 7923 5132 3897 4696 7564 828 1925 1680 7800 4838 4196 9435 1511 2478 7566 8112 7001 5204 9025 6112 2973 6224 1751 7435 2016 3440 9651 9512 6614 446 2828 5124 3096 9166 8337 6052 7597 6014 7828 9915 9023 6678 2701 6395 7982 9514 3381 4526 5960 9020 9321 5226 6406 1755 3221 148 6603 6684
